Numpy File: 00381.npy
Shape: (32, 225)
Dtype: float32

Frame 000: [-0.000635, -0.609622, -0.267649, 0.015747, -0.651487, -0.262612, 0.015064, -0.651339, -0.265241, 0.015737, -0.651220, -0.263506, -0.017214, -0.655107, -0.257371, -0.015346, -0.655556, -0.258460, -0.016191, -0.654557, -0.254331, 0.098006, -0.637289, -0.168037, -0.046632, -0.645003, -0.135170, 0.027350, -0.575386, -0.245617, -0.012890, -0.576758, -0.229666, 0.190776, -0.454425, -0.130149, -0.129030, -0.465650, -0.082342, 0.281250, -0.230755, -0.214193, -0.227992, -0.256846, -0.138004, 0.208357, -0.227357, -0.367883, -0.187615, -0.279340, -0.353927, 0.170793, -0.220640, -0.391204, -0.171147, -0.274439, -0.407153, 0.158009, -0.251302, -0.398001, -0.137705, -0.327973, -0.383152, 0.194739, -0.239509, -0.374465, -0.161750, -0.297571, -0.352225, 0.115559, 0.006568, -0.013564, -0.112822, -0.001946, 0.012067, 0.145936, 0.108912, -0.119331, -0.114645, 0.061037, -0.148806, 0.123515, 0.254369, 0.160695, -0.093732, 0.338088, 0.057393, 0.126573, 0.273945, 0.195884, -0.093813, 0.358152, 0.101501, 0.138630, 0.286747, 0.155986, -0.069147, 0.362251, 0.047077, 0.208357, -0.227357, -0.367883, 0.176515, -0.229547, -0.390091, 0.157162, -0.227120, -0.408834, 0.137857, -0.218335, -0.446441, 0.132742, -0.220099, -0.477759, 0.156878, -0.245439, -0.457121, 0.155737, -0.219161, -0.466290, 0.163878, -0.209511, -0.442039, 0.173415, -0.219500, -0.412314, 0.178211, -0.244312, -0.463080, 0.169619, -0.211097, -0.472469, 0.179822, -0.203601, -0.438710, 0.178100, -0.215255, -0.412607, 0.196932, -0.236376, -0.465836, 0.189685, -0.199616, -0.467406, 0.189587, -0.199827, -0.440032, 0.194665, -0.214252, -0.418640, 0.216845, -0.222763, -0.456581, 0.208720, -0.198262, -0.452179, 0.205636, -0.195604, -0.433076, 0.208771, -0.211802, -0.417823, -0.187615, -0.279340, -0.353927, -0.159154, -0.279195, -0.371641, -0.136965, -0.281042, -0.393885, -0.127021, -0.281583, -0.423733, -0.126018, -0.290775, -0.455603, -0.152282, -0.305228, -0.427406, -0.144477, -0.284038, -0.437340, -0.141778, -0.278247, -0.417196, -0.148919, -0.287072, -0.399670, -0.168461, -0.305693, -0.432232, -0.157261, -0.285182, -0.443888, -0.154007, -0.276832, -0.422668, -0.159008, -0.293461, -0.401502, -0.179524, -0.299941, -0.437496, -0.170436, -0.279448, -0.439858, -0.172349, -0.272711, -0.420052, -0.175399, -0.279671, -0.400919, -0.194032, -0.288596, -0.429686, -0.186510, -0.273163, -0.435224, -0.183540, -0.264840, -0.416260, -0.190402, -0.274754, -0.397251]
Frame 001: [-0.002247, -0.606774, -0.263720, 0.014601, -0.647351, -0.258398, 0.013932, -0.647178, -0.260759, 0.014532, -0.647093, -0.258781, -0.019860, -0.651222, -0.254856, -0.017920, -0.651680, -0.255961, -0.018749, -0.650614, -0.251880, 0.096360, -0.635978, -0.160391, -0.054332, -0.644791, -0.132101, 0.025744, -0.574624, -0.237631, -0.016525, -0.576298, -0.224792, 0.189858, -0.454412, -0.106214, -0.140116, -0.466394, -0.069893, 0.262028, -0.226985, -0.177716, -0.241362, -0.255472, -0.131123, 0.192776, -0.228868, -0.364112, -0.193252, -0.268889, -0.349471, 0.162092, -0.225899, -0.396346, -0.176869, -0.263831, -0.403553, 0.148275, -0.257352, -0.400862, -0.145573, -0.313012, -0.383544, 0.178947, -0.242017, -0.371062, -0.169013, -0.285725, -0.350443, 0.115556, 0.006155, -0.011613, -0.112845, -0.001932, 0.010365, 0.144860, 0.101218, -0.122686, -0.115817, 0.061692, -0.149856, 0.124004, 0.293593, 0.129885, -0.090738, 0.393012, 0.048646, 0.127119, 0.313280, 0.154301, -0.085611, 0.417557, 0.083249, 0.141429, 0.314803, 0.058946, -0.050971, 0.428567, -0.025318, 0.192776, -0.228868, -0.364112, 0.158004, -0.239399, -0.385769, 0.136705, -0.242042, -0.404108, 0.119313, -0.235673, -0.440948, 0.112327, -0.235458, -0.468787, 0.143944, -0.266854, -0.451609, 0.134997, -0.238643, -0.464900, 0.134415, -0.226244, -0.448208, 0.146535, -0.233226, -0.423616, 0.161197, -0.263623, -0.460068, 0.149540, -0.233373, -0.473726, 0.155844, -0.218773, -0.447865, 0.156573, -0.232538, -0.420626, 0.178151, -0.259227, -0.464404, 0.166911, -0.224422, -0.472551, 0.170617, -0.220742, -0.444583, 0.174894, -0.230370, -0.420327, 0.195230, -0.241294, -0.458312, 0.186311, -0.218768, -0.460116, 0.186248, -0.215286, -0.443763, 0.190024, -0.228372, -0.428200, -0.193252, -0.268889, -0.349471, -0.161675, -0.268074, -0.372005, -0.140733, -0.268094, -0.393953, -0.129236, -0.268975, -0.423170, -0.131340, -0.280315, -0.455035, -0.150872, -0.289810, -0.432530, -0.145844, -0.265992, -0.441232, -0.144377, -0.257471, -0.414944, -0.152068, -0.265058, -0.390308, -0.170844, -0.291789, -0.434958, -0.158128, -0.274549, -0.442119, -0.157780, -0.263961, -0.425286, -0.164169, -0.279231, -0.399843, -0.183173, -0.287512, -0.436870, -0.174776, -0.268249, -0.439357, -0.177347, -0.257051, -0.421279, -0.181881, -0.265336, -0.397421, -0.197907, -0.277336, -0.426952, -0.189967, -0.261605, -0.432547, -0.187106, -0.253481, -0.414121, -0.194849, -0.257103, -0.399617]
Frame 002: [-0.003595, -0.605326, -0.260838, 0.013579, -0.645327, -0.255350, 0.012918, -0.645140, -0.257579, 0.013466, -0.645069, -0.255483, -0.021846, -0.649308, -0.252696, -0.019865, -0.649771, -0.253805, -0.020684, -0.648673, -0.249749, 0.095255, -0.635332, -0.155851, -0.058335, -0.644743, -0.129431, 0.024526, -0.574269, -0.232950, -0.018919, -0.576115, -0.221369, 0.189296, -0.454412, -0.097382, -0.144872, -0.467165, -0.063441, 0.255125, -0.224190, -0.166521, -0.246937, -0.254692, -0.126308, 0.186766, -0.229328, -0.361062, -0.196146, -0.264489, -0.345788, 0.158118, -0.227827, -0.398633, -0.179836, -0.259401, -0.400343, 0.143949, -0.259530, -0.402208, -0.149425, -0.307365, -0.383576, 0.172891, -0.242892, -0.368225, -0.172576, -0.280891, -0.348388, 0.115555, 0.005770, -0.010161, -0.112865, -0.001908, 0.009077, 0.144418, 0.095404, -0.124059, -0.116736, 0.061738, -0.150303, 0.124808, 0.302475, 0.123352, -0.088534, 0.405258, 0.045839, 0.127971, 0.322070, 0.146666, -0.080910, 0.429988, 0.078178, 0.143899, 0.321087, 0.046934, -0.043019, 0.440665, -0.036960, 0.186766, -0.229328, -0.361062, 0.159178, -0.240062, -0.379186, 0.141214, -0.242327, -0.400748, 0.122260, -0.235175, -0.432666, 0.106979, -0.234471, -0.460410, 0.145605, -0.263408, -0.438368, 0.134276, -0.233048, -0.453531, 0.139472, -0.228194, -0.436516, 0.147729, -0.240073, -0.409976, 0.160676, -0.264875, -0.445184, 0.152651, -0.237807, -0.459804, 0.153702, -0.227435, -0.437230, 0.154596, -0.246469, -0.412529, 0.175868, -0.261786, -0.452255, 0.166610, -0.227033, -0.458808, 0.169382, -0.223298, -0.437661, 0.174190, -0.235913, -0.411113, 0.189498, -0.242262, -0.447921, 0.182757, -0.222068, -0.454087, 0.182489, -0.218908, -0.437576, 0.185741, -0.231687, -0.419373, -0.196146, -0.264489, -0.345788, -0.163549, -0.265922, -0.367536, -0.141176, -0.267413, -0.390885, -0.128362, -0.267370, -0.421421, -0.133278, -0.276111, -0.456507, -0.151802, -0.292167, -0.430460, -0.147832, -0.265403, -0.441183, -0.147947, -0.256882, -0.416428, -0.151280, -0.263570, -0.390466, -0.174489, -0.294160, -0.434128, -0.162475, -0.274795, -0.444718, -0.162487, -0.261107, -0.425582, -0.167890, -0.275424, -0.399379, -0.189359, -0.291500, -0.437162, -0.179583, -0.266564, -0.441546, -0.181518, -0.255563, -0.421815, -0.184886, -0.262859, -0.396722, -0.205921, -0.279429, -0.429121, -0.195599, -0.262189, -0.434457, -0.191323, -0.252071, -0.415211, -0.198872, -0.254533, -0.401305]
Frame 003: [-0.004840, -0.604338, -0.258983, 0.012502, -0.644167, -0.253439, 0.011845, -0.643976, -0.255616, 0.012361, -0.643910, -0.253484, -0.023433, -0.648169, -0.251108, -0.021434, -0.648633, -0.252206, -0.022247, -0.647526, -0.248156, 0.094257, -0.635024, -0.153457, -0.060435, -0.644721, -0.127528, 0.023413, -0.573975, -0.230477, -0.020613, -0.575930, -0.219240, 0.188694, -0.454448, -0.094706, -0.146949, -0.467823, -0.060305, 0.251927, -0.223198, -0.164645, -0.249116, -0.254496, -0.123251, 0.183693, -0.229700, -0.359701, -0.198434, -0.263547, -0.343553, 0.155513, -0.228884, -0.399887, -0.182632, -0.258584, -0.398494, 0.141376, -0.260732, -0.403426, -0.152712, -0.306399, -0.383577, 0.169879, -0.243511, -0.367106, -0.175238, -0.279809, -0.346890, 0.115547, 0.005410, -0.009345, -0.112872, -0.001862, 0.008353, 0.144208, 0.092606, -0.124681, -0.117068, 0.062404, -0.150094, 0.125695, 0.305758, 0.121054, -0.086812, 0.409698, 0.045793, 0.128871, 0.325460, 0.144420, -0.078259, 0.434154, 0.078066, 0.145306, 0.323528, 0.044671, -0.040324, 0.444168, -0.035527, 0.183693, -0.229700, -0.359701, 0.149360, -0.233949, -0.380893, 0.128278, -0.236241, -0.397705, 0.111200, -0.230000, -0.434856, 0.098192, -0.228672, -0.462164, 0.132496, -0.259687, -0.444882, 0.125086, -0.231992, -0.456197, 0.128421, -0.220329, -0.435307, 0.140711, -0.231224, -0.406092, 0.150225, -0.257044, -0.454006, 0.137856, -0.225451, -0.466148, 0.148881, -0.215940, -0.437075, 0.146361, -0.228143, -0.409580, 0.167063, -0.250354, -0.457801, 0.158894, -0.216246, -0.464269, 0.159658, -0.214593, -0.436577, 0.162381, -0.225354, -0.414314, 0.186412, -0.235255, -0.451841, 0.177949, -0.210513, -0.450311, 0.175917, -0.208552, -0.433510, 0.179100, -0.223364, -0.419421, -0.198434, -0.263547, -0.343553, -0.166546, -0.268735, -0.368449, -0.144359, -0.271345, -0.393172, -0.132542, -0.271686, -0.427208, -0.135746, -0.275640, -0.463674, -0.159981, -0.300339, -0.432972, -0.153427, -0.272418, -0.447674, -0.152549, -0.262550, -0.426095, -0.151559, -0.264686, -0.398332, -0.183406, -0.301612, -0.436518, -0.170175, -0.280335, -0.452716, -0.166864, -0.262679, -0.432900, -0.170956, -0.273787, -0.401717, -0.199164, -0.297713, -0.440304, -0.185988, -0.267974, -0.448130, -0.184947, -0.255971, -0.426704, -0.187921, -0.261177, -0.400600, -0.215024, -0.282420, -0.432889, -0.203102, -0.263198, -0.440937, -0.197533, -0.251343, -0.421263, -0.203730, -0.253983, -0.403723]
Frame 004: [-0.005339, -0.603057, -0.258425, 0.012071, -0.642740, -0.252914, 0.011417, -0.642543, -0.255078, 0.011917, -0.642482, -0.252933, -0.024115, -0.646763, -0.250699, -0.022109, -0.647231, -0.251792, -0.022918, -0.646112, -0.247744, 0.093798, -0.634521, -0.152808, -0.061433, -0.644587, -0.127017, 0.022953, -0.573422, -0.229723, -0.021351, -0.575508, -0.218579, 0.188483, -0.454455, -0.093688, -0.147894, -0.468232, -0.059465, 0.250842, -0.222521, -0.163549, -0.249686, -0.254197, -0.122547, 0.182300, -0.230236, -0.359106, -0.200423, -0.263209, -0.343229, 0.154107, -0.230096, -0.401062, -0.185300, -0.258527, -0.398245, 0.140004, -0.262084, -0.404435, -0.155948, -0.306261, -0.384028, 0.168438, -0.244287, -0.366569, -0.177651, -0.279424, -0.346731, 0.115544, 0.005187, -0.008698, -0.112882, -0.001842, 0.007772, 0.143981, 0.090594, -0.125206, -0.117482, 0.062471, -0.149826, 0.126049, 0.306619, 0.120993, -0.085918, 0.410821, 0.045956, 0.129226, 0.326349, 0.144576, -0.076924, 0.435192, 0.078362, 0.146010, 0.323894, 0.044454, -0.038499, 0.444751, -0.035304, 0.182300, -0.230236, -0.359106, 0.152719, -0.239314, -0.376789, 0.136856, -0.240618, -0.397114, 0.119542, -0.232939, -0.429816, 0.105464, -0.234016, -0.455363, 0.139264, -0.261435, -0.436727, 0.131317, -0.233684, -0.450772, 0.132865, -0.228801, -0.435980, 0.141782, -0.238659, -0.413257, 0.154644, -0.263882, -0.444883, 0.147333, -0.235469, -0.458870, 0.149301, -0.223547, -0.434406, 0.151092, -0.241139, -0.409507, 0.168738, -0.261881, -0.451568, 0.162267, -0.226688, -0.459025, 0.165415, -0.221793, -0.436512, 0.169331, -0.232285, -0.408714, 0.184578, -0.242541, -0.446628, 0.179611, -0.220806, -0.451453, 0.178489, -0.215277, -0.435928, 0.181224, -0.228145, -0.417356, -0.200423, -0.263209, -0.343229, -0.167969, -0.268823, -0.368126, -0.146080, -0.272066, -0.392849, -0.132589, -0.270020, -0.427429, -0.137265, -0.274031, -0.465326, -0.160606, -0.297512, -0.436479, -0.152895, -0.269980, -0.450578, -0.151868, -0.261437, -0.428800, -0.151553, -0.264422, -0.400235, -0.183089, -0.298141, -0.441045, -0.169391, -0.277611, -0.454461, -0.167673, -0.261209, -0.434981, -0.172201, -0.272716, -0.405890, -0.198791, -0.293594, -0.443643, -0.186964, -0.265338, -0.450526, -0.184585, -0.254978, -0.428972, -0.188030, -0.263098, -0.402742, -0.214554, -0.278984, -0.435799, -0.202067, -0.261122, -0.441899, -0.197036, -0.250509, -0.420210, -0.203663, -0.255482, -0.404907]
Frame 005: [-0.005767, -0.601960, -0.258087, 0.011636, -0.641645, -0.252608, 0.010982, -0.641447, -0.254767, 0.011474, -0.641388, -0.252619, -0.024700, -0.645623, -0.250416, -0.022691, -0.646093, -0.251501, -0.023495, -0.644971, -0.247452, 0.093462, -0.634151, -0.152579, -0.061956, -0.644380, -0.126682, 0.022625, -0.572867, -0.229348, -0.021825, -0.575009, -0.218175, 0.188445, -0.454462, -0.093491, -0.148049, -0.468444, -0.059058, 0.250441, -0.222220, -0.163534, -0.249468, -0.253960, -0.121969, 0.181664, -0.230507, -0.358640, -0.200940, -0.262985, -0.342848, 0.153346, -0.230570, -0.401538, -0.186143, -0.258436, -0.397905, 0.139367, -0.262646, -0.405039, -0.157003, -0.306155, -0.384199, 0.167788, -0.244672, -0.366173, -0.178297, -0.279152, -0.346496, 0.115544, 0.005038, -0.008261, -0.112896, -0.001832, 0.007380, 0.143642, 0.090299, -0.125707, -0.117632, 0.062492, -0.149942, 0.126085, 0.308901, 0.120793, -0.085241, 0.412472, 0.044912, 0.129257, 0.328767, 0.144374, -0.076098, 0.436903, 0.076651, 0.146089, 0.325557, 0.043228, -0.037594, 0.446156, -0.039263, 0.181664, -0.230507, -0.358640, 0.147490, -0.233697, -0.378661, 0.127602, -0.234556, -0.397090, 0.109455, -0.226601, -0.431850, 0.099421, -0.223096, -0.459396, 0.132559, -0.255371, -0.442687, 0.124404, -0.225232, -0.452997, 0.128446, -0.215051, -0.432224, 0.138819, -0.227690, -0.404799, 0.149695, -0.252699, -0.450577, 0.139083, -0.220215, -0.460852, 0.148283, -0.212821, -0.432064, 0.145670, -0.224296, -0.407937, 0.167014, -0.245700, -0.453865, 0.159138, -0.210850, -0.459176, 0.159702, -0.210482, -0.431577, 0.162640, -0.221377, -0.409635, 0.186621, -0.230842, -0.446474, 0.179027, -0.207750, -0.444562, 0.176126, -0.204920, -0.429177, 0.179129, -0.219974, -0.415520, -0.200940, -0.262985, -0.342848, -0.169345, -0.268306, -0.369535, -0.147209, -0.271308, -0.395228, -0.134377, -0.268075, -0.430889, -0.137679, -0.272137, -0.468551, -0.162803, -0.296027, -0.439722, -0.154342, -0.267610, -0.454438, -0.152628, -0.259540, -0.434185, -0.150761, -0.261330, -0.406033, -0.185088, -0.296099, -0.443991, -0.171153, -0.275256, -0.458316, -0.169898, -0.258420, -0.438519, -0.173713, -0.270964, -0.407980, -0.200585, -0.291517, -0.446109, -0.188276, -0.262425, -0.453417, -0.185900, -0.252093, -0.431454, -0.189366, -0.260482, -0.405083, -0.215548, -0.277004, -0.437609, -0.203527, -0.258758, -0.443909, -0.198447, -0.248116, -0.422726, -0.204901, -0.253539, -0.407343]
Frame 006: [-0.005856, -0.601376, -0.257590, 0.011547, -0.641085, -0.252128, 0.010892, -0.640886, -0.254292, 0.011381, -0.640826, -0.252142, -0.024813, -0.645085, -0.249914, -0.022804, -0.645555, -0.250990, -0.023609, -0.644433, -0.246938, 0.093433, -0.633839, -0.152178, -0.061883, -0.644297, -0.126087, 0.022575, -0.572495, -0.228886, -0.021884, -0.574718, -0.217629, 0.188493, -0.454415, -0.093376, -0.147834, -0.468900, -0.058744, 0.250856, -0.221839, -0.164541, -0.249403, -0.254150, -0.121788, 0.182010, -0.230979, -0.358860, -0.201237, -0.263256, -0.342913, 0.153367, -0.231332, -0.403554, -0.186670, -0.258695, -0.398180, 0.139515, -0.263544, -0.407184, -0.157234, -0.306629, -0.385530, 0.168160, -0.245280, -0.366461, -0.178524, -0.279494, -0.346730, 0.115551, 0.004964, -0.007935, -0.112910, -0.001829, 0.007084, 0.143429, 0.088416, -0.126754, -0.117933, 0.061691, -0.150118, 0.126103, 0.307282, 0.120319, -0.085199, 0.410640, 0.044345, 0.129271, 0.327151, 0.144113, -0.076196, 0.434786, 0.076137, 0.146104, 0.324046, 0.042885, -0.037838, 0.442845, -0.039209, 0.182010, -0.230979, -0.358860, 0.151082, -0.240641, -0.377200, 0.137048, -0.242822, -0.395182, 0.120392, -0.236828, -0.428953, 0.107604, -0.240179, -0.454857, 0.140280, -0.262673, -0.435273, 0.129850, -0.235361, -0.446795, 0.133333, -0.229246, -0.429074, 0.144364, -0.241392, -0.407192, 0.154113, -0.265580, -0.442529, 0.147156, -0.239739, -0.454403, 0.147908, -0.227198, -0.430979, 0.151235, -0.244102, -0.409808, 0.167749, -0.264868, -0.449031, 0.160805, -0.231384, -0.453932, 0.163015, -0.225429, -0.432942, 0.166813, -0.236557, -0.408770, 0.182486, -0.248624, -0.447013, 0.176881, -0.225557, -0.448316, 0.177418, -0.216551, -0.432944, 0.180278, -0.228103, -0.418970, -0.201237, -0.263256, -0.342913, -0.169225, -0.268894, -0.368856, -0.148642, -0.271687, -0.393485, -0.136903, -0.269446, -0.427681, -0.141069, -0.273161, -0.463515, -0.166754, -0.296053, -0.437219, -0.159197, -0.268109, -0.451697, -0.156239, -0.259584, -0.432164, -0.153163, -0.259153, -0.405528, -0.189453, -0.295619, -0.440675, -0.175789, -0.276975, -0.454656, -0.170709, -0.257861, -0.436618, -0.173643, -0.268413, -0.406912, -0.204340, -0.291898, -0.442673, -0.192660, -0.264730, -0.449989, -0.187298, -0.251686, -0.428141, -0.191453, -0.256845, -0.403759, -0.218435, -0.277735, -0.434964, -0.207141, -0.260305, -0.441042, -0.199232, -0.248361, -0.420872, -0.205212, -0.251497, -0.405339]
Frame 007: [-0.005729, -0.600541, -0.257502, 0.011703, -0.640223, -0.252069, 0.011046, -0.640023, -0.254237, 0.011534, -0.639962, -0.252088, -0.024684, -0.644313, -0.249857, -0.022676, -0.644784, -0.250929, -0.023478, -0.643661, -0.246876, 0.093492, -0.633311, -0.152149, -0.061722, -0.644183, -0.126083, 0.022644, -0.571903, -0.228831, -0.021846, -0.574276, -0.217562, 0.188517, -0.454306, -0.093447, -0.147693, -0.469397, -0.058926, 0.251006, -0.221112, -0.164732, -0.249170, -0.254180, -0.121932, 0.181747, -0.231179, -0.358920, -0.201142, -0.263410, -0.343125, 0.152806, -0.231761, -0.404100, -0.186521, -0.258844, -0.398553, 0.139137, -0.264162, -0.407716, -0.156943, -0.306936, -0.386504, 0.167891, -0.245609, -0.366505, -0.178331, -0.279723, -0.347031, 0.115558, 0.004908, -0.007689, -0.112924, -0.001830, 0.006860, 0.143280, 0.087601, -0.127524, -0.118285, 0.060903, -0.150219, 0.126117, 0.306614, 0.120067, -0.085129, 0.409553, 0.044244, 0.129280, 0.326459, 0.143970, -0.076176, 0.433556, 0.076188, 0.146102, 0.323148, 0.042359, -0.037826, 0.441256, -0.038694, 0.181747, -0.231179, -0.358920, 0.157690, -0.243982, -0.379172, 0.138445, -0.247502, -0.398455, 0.119882, -0.241067, -0.434014, 0.107811, -0.237871, -0.462623, 0.146174, -0.263343, -0.435117, 0.135278, -0.233798, -0.448019, 0.137561, -0.229898, -0.429586, 0.148781, -0.244758, -0.402612, 0.160082, -0.263216, -0.442575, 0.154239, -0.239599, -0.452931, 0.149989, -0.232136, -0.430159, 0.152020, -0.251811, -0.409476, 0.175784, -0.259550, -0.447466, 0.164321, -0.228666, -0.453795, 0.166828, -0.226427, -0.431321, 0.169678, -0.240705, -0.406030, 0.186396, -0.240921, -0.442890, 0.177349, -0.222752, -0.449622, 0.178829, -0.220134, -0.429442, 0.179600, -0.233474, -0.416166, -0.201142, -0.263410, -0.343125, -0.169881, -0.269907, -0.367451, -0.150426, -0.277519, -0.390032, -0.138421, -0.278361, -0.423332, -0.143119, -0.283420, -0.456609, -0.166813, -0.302963, -0.431810, -0.158549, -0.274577, -0.447031, -0.156164, -0.264285, -0.427371, -0.155421, -0.265865, -0.401248, -0.189773, -0.301970, -0.435403, -0.176336, -0.283627, -0.450111, -0.171239, -0.263619, -0.432859, -0.176891, -0.274070, -0.404344, -0.205596, -0.297141, -0.438237, -0.192887, -0.270962, -0.446979, -0.186898, -0.257648, -0.425392, -0.192131, -0.262766, -0.400677, -0.219378, -0.281752, -0.431055, -0.206581, -0.266340, -0.438181, -0.197864, -0.256868, -0.419612, -0.202858, -0.258575, -0.404849]
Frame 008: [-0.005542, -0.600398, -0.257533, 0.011881, -0.640053, -0.252106, 0.011221, -0.639852, -0.254280, 0.011708, -0.639791, -0.252136, -0.024532, -0.644170, -0.249924, -0.022524, -0.644643, -0.250995, -0.023324, -0.643519, -0.246943, 0.093494, -0.633152, -0.152240, -0.061616, -0.644166, -0.126266, 0.022711, -0.571805, -0.228957, -0.021802, -0.574223, -0.217608, 0.188498, -0.454227, -0.093652, -0.147920, -0.469656, -0.059181, 0.251314, -0.220558, -0.165119, -0.249563, -0.254015, -0.122614, 0.181992, -0.231886, -0.359460, -0.200848, -0.263557, -0.344609, 0.152863, -0.233191, -0.405535, -0.185715, -0.259173, -0.400085, 0.139270, -0.265904, -0.408748, -0.156205, -0.307171, -0.388364, 0.168155, -0.246565, -0.366957, -0.178054, -0.279869, -0.348368, 0.115566, 0.004800, -0.007336, -0.112940, -0.001817, 0.006533, 0.143101, 0.086562, -0.127564, -0.119039, 0.060694, -0.150903, 0.126131, 0.305552, 0.120798, -0.085465, 0.408338, 0.043641, 0.129291, 0.325489, 0.145207, -0.076286, 0.432176, 0.075692, 0.146306, 0.321645, 0.046099, -0.038257, 0.440132, -0.039506, 0.181992, -0.231886, -0.359460, 0.149478, -0.235541, -0.378640, 0.130553, -0.233909, -0.396810, 0.111177, -0.224964, -0.428442, 0.101909, -0.220158, -0.456238, 0.136644, -0.252641, -0.443315, 0.128178, -0.222781, -0.456083, 0.132672, -0.213647, -0.436885, 0.141025, -0.226148, -0.410894, 0.154627, -0.249687, -0.451903, 0.140930, -0.217943, -0.462612, 0.150881, -0.211176, -0.436347, 0.149241, -0.224086, -0.409699, 0.171144, -0.242887, -0.455281, 0.160157, -0.208064, -0.461168, 0.163033, -0.207312, -0.433942, 0.167255, -0.219563, -0.410818, 0.189152, -0.228184, -0.447177, 0.180993, -0.201305, -0.445484, 0.178233, -0.197400, -0.431304, 0.183977, -0.214288, -0.416791, -0.200848, -0.263557, -0.344609, -0.169857, -0.268095, -0.366972, -0.145197, -0.269378, -0.386507, -0.131561, -0.272408, -0.421425, -0.131553, -0.279776, -0.445725, -0.159778, -0.299366, -0.427468, -0.147644, -0.274318, -0.436839, -0.145706, -0.259098, -0.417407, -0.155488, -0.262555, -0.398378, -0.178714, -0.293426, -0.430706, -0.161396, -0.272328, -0.441632, -0.156702, -0.254901, -0.419274, -0.163351, -0.264175, -0.393308, -0.192190, -0.278917, -0.432641, -0.177719, -0.260479, -0.436776, -0.178101, -0.249044, -0.418691, -0.181122, -0.251468, -0.390023, -0.205454, -0.264658, -0.422791, -0.198539, -0.251377, -0.429310, -0.192412, -0.240487, -0.414199, -0.198296, -0.244138, -0.391397]
Frame 009: [-0.005456, -0.600355, -0.257697, 0.011968, -0.639980, -0.252237, 0.011308, -0.639779, -0.254406, 0.011792, -0.639717, -0.252254, -0.024472, -0.644103, -0.250173, -0.022463, -0.644577, -0.251243, -0.023262, -0.643453, -0.247193, 0.093433, -0.633032, -0.152327, -0.061678, -0.644143, -0.126664, 0.022719, -0.571771, -0.229038, -0.021773, -0.574202, -0.217813, 0.188343, -0.454143, -0.093708, -0.148478, -0.469748, -0.059301, 0.251334, -0.220219, -0.165232, -0.250343, -0.253647, -0.123548, 0.182127, -0.233011, -0.360174, -0.200762, -0.263713, -0.345899, 0.152913, -0.235124, -0.407168, -0.185601, -0.259435, -0.401438, 0.139387, -0.268121, -0.410048, -0.155994, -0.307347, -0.390059, 0.168313, -0.247974, -0.367597, -0.177912, -0.280031, -0.349589, 0.115571, 0.004689, -0.007084, -0.112953, -0.001798, 0.006297, 0.142985, 0.085261, -0.127657, -0.119559, 0.060551, -0.150911, 0.126280, 0.304564, 0.121438, -0.085488, 0.408431, 0.043781, 0.129445, 0.324469, 0.146072, -0.076394, 0.432293, 0.075917, 0.146588, 0.321328, 0.046410, -0.038196, 0.440758, -0.038604, 0.182127, -0.233011, -0.360174, 0.152904, -0.243233, -0.378412, 0.136969, -0.250421, -0.392903, 0.121006, -0.245603, -0.426083, 0.105314, -0.248063, -0.450999, 0.140580, -0.268603, -0.431078, 0.131823, -0.242198, -0.442878, 0.135706, -0.235774, -0.426708, 0.147703, -0.247839, -0.404286, 0.154132, -0.270553, -0.441334, 0.146221, -0.245509, -0.452264, 0.150622, -0.233313, -0.431225, 0.156187, -0.253003, -0.405666, 0.168703, -0.269540, -0.448384, 0.161154, -0.238202, -0.455676, 0.167024, -0.234149, -0.433614, 0.170842, -0.246809, -0.409482, 0.183973, -0.254670, -0.446187, 0.179440, -0.230956, -0.448878, 0.180388, -0.226700, -0.429783, 0.182921, -0.239380, -0.417719, -0.200762, -0.263713, -0.345899, -0.170114, -0.267172, -0.371004, -0.148082, -0.271497, -0.391601, -0.141771, -0.272996, -0.422528, -0.143729, -0.279810, -0.448986, -0.164855, -0.294896, -0.431394, -0.159987, -0.268855, -0.446063, -0.156185, -0.255699, -0.426182, -0.161636, -0.255989, -0.403272, -0.186559, -0.294532, -0.434638, -0.172927, -0.276146, -0.444967, -0.166844, -0.257421, -0.429377, -0.169669, -0.268271, -0.399217, -0.199764, -0.286439, -0.436297, -0.189795, -0.265444, -0.442437, -0.186183, -0.249898, -0.422883, -0.189799, -0.254645, -0.397438, -0.211771, -0.273692, -0.426605, -0.204915, -0.258256, -0.432317, -0.197242, -0.249382, -0.418468, -0.203137, -0.250122, -0.402834]
Frame 010: [-0.005239, -0.600452, -0.257879, 0.012217, -0.640044, -0.252380, 0.011554, -0.639841, -0.254555, 0.012038, -0.639779, -0.252399, -0.024265, -0.644187, -0.250316, -0.022258, -0.644660, -0.251385, -0.023058, -0.643535, -0.247332, 0.093663, -0.632983, -0.152383, -0.061608, -0.644149, -0.126722, 0.022919, -0.571785, -0.229183, -0.021616, -0.574246, -0.217975, 0.188470, -0.453988, -0.094004, -0.148410, -0.469810, -0.059516, 0.251702, -0.219615, -0.165728, -0.250216, -0.253601, -0.123646, 0.182248, -0.232389, -0.361054, -0.200697, -0.263505, -0.345945, 0.152783, -0.234111, -0.408301, -0.185461, -0.259088, -0.401463, 0.139060, -0.266848, -0.410895, -0.155687, -0.306962, -0.390085, 0.168348, -0.247211, -0.368271, -0.177805, -0.279766, -0.349599, 0.115608, 0.004666, -0.006974, -0.112982, -0.001799, 0.006193, 0.143249, 0.083778, -0.127537, -0.119574, 0.053482, -0.152387, 0.127708, 0.303659, 0.123384, -0.084104, 0.407797, 0.043826, 0.130992, 0.323410, 0.147902, -0.074800, 0.431667, 0.076039, 0.148245, 0.318062, 0.048389, -0.035206, 0.438990, -0.037540, 0.182248, -0.232389, -0.361054, 0.156797, -0.244731, -0.381775, 0.139253, -0.248994, -0.399088, 0.120435, -0.243919, -0.433708, 0.109752, -0.238726, -0.457859, 0.147061, -0.265248, -0.437281, 0.134985, -0.240453, -0.447741, 0.137557, -0.236123, -0.431115, 0.149340, -0.246135, -0.409207, 0.162959, -0.265881, -0.442369, 0.153689, -0.245401, -0.456538, 0.151080, -0.233073, -0.433736, 0.156266, -0.251857, -0.410589, 0.177744, -0.264486, -0.447339, 0.167954, -0.233394, -0.455535, 0.167580, -0.229699, -0.437473, 0.174697, -0.243880, -0.409427, 0.188865, -0.246645, -0.444952, 0.182371, -0.228189, -0.451822, 0.181869, -0.223111, -0.434647, 0.184551, -0.233967, -0.421839, -0.200697, -0.263505, -0.345945, -0.170914, -0.265789, -0.372641, -0.149570, -0.270310, -0.394253, -0.139958, -0.268605, -0.426107, -0.140401, -0.269329, -0.453195, -0.164776, -0.290127, -0.436572, -0.153373, -0.263335, -0.450947, -0.151213, -0.251886, -0.430923, -0.157061, -0.256414, -0.403232, -0.186038, -0.288828, -0.439436, -0.171531, -0.270572, -0.454382, -0.165619, -0.249500, -0.435424, -0.173538, -0.263966, -0.403999, -0.200080, -0.284220, -0.442308, -0.186728, -0.258969, -0.450086, -0.183174, -0.243860, -0.428893, -0.189945, -0.248249, -0.403152, -0.213003, -0.269694, -0.433385, -0.199842, -0.252841, -0.439928, -0.192548, -0.244148, -0.425237, -0.198160, -0.244290, -0.406836]
Frame 011: [-0.004566, -0.600345, -0.258357, 0.013020, -0.639938, -0.252807, 0.012352, -0.639734, -0.254996, 0.012840, -0.639671, -0.252838, -0.023521, -0.644116, -0.250615, -0.021521, -0.644588, -0.251675, -0.022321, -0.643465, -0.247616, 0.095021, -0.632661, -0.152689, -0.060585, -0.644103, -0.126766, 0.023746, -0.571595, -0.229656, -0.020881, -0.574131, -0.218306, 0.189623, -0.453488, -0.094737, -0.147126, -0.469832, -0.059658, 0.251833, -0.218302, -0.165993, -0.247461, -0.253378, -0.123046, 0.181600, -0.228093, -0.361614, -0.199514, -0.258959, -0.345746, 0.151617, -0.227607, -0.408739, -0.184839, -0.252383, -0.401295, 0.137542, -0.259839, -0.411652, -0.154673, -0.299400, -0.390058, 0.167433, -0.242351, -0.368796, -0.176477, -0.274298, -0.349477, 0.115687, 0.004666, -0.006944, -0.113039, -0.001845, 0.006166, 0.143280, 0.083942, -0.127663, -0.119401, 0.044021, -0.158968, 0.127887, 0.303711, 0.123595, -0.081797, 0.405607, 0.039788, 0.131168, 0.323492, 0.148122, -0.072407, 0.429588, 0.072621, 0.148237, 0.317929, 0.048739, -0.031952, 0.435352, -0.043615, 0.181600, -0.228093, -0.361614, 0.148589, -0.237807, -0.379512, 0.126430, -0.243087, -0.396285, 0.108564, -0.240022, -0.431780, 0.108624, -0.240564, -0.460581, 0.137779, -0.265839, -0.441773, 0.126941, -0.235852, -0.451160, 0.129918, -0.225971, -0.432332, 0.140456, -0.237378, -0.408366, 0.153439, -0.261177, -0.450861, 0.140190, -0.232692, -0.462684, 0.149597, -0.222053, -0.435751, 0.147607, -0.234934, -0.410922, 0.169051, -0.254261, -0.456002, 0.157628, -0.222278, -0.463799, 0.160155, -0.220482, -0.436030, 0.165477, -0.231948, -0.413885, 0.184708, -0.236836, -0.449008, 0.175557, -0.214074, -0.449020, 0.173611, -0.211111, -0.434400, 0.180334, -0.228721, -0.422036, -0.199514, -0.258959, -0.345746, -0.169828, -0.263813, -0.373650, -0.148668, -0.267979, -0.396411, -0.136659, -0.267150, -0.426429, -0.137267, -0.266570, -0.453701, -0.168067, -0.288220, -0.437312, -0.156842, -0.262256, -0.453546, -0.151668, -0.248790, -0.440083, -0.150412, -0.243082, -0.413029, -0.188884, -0.284457, -0.438913, -0.172123, -0.267223, -0.456949, -0.165882, -0.244774, -0.440869, -0.167255, -0.251721, -0.408648, -0.202357, -0.280119, -0.440587, -0.186920, -0.252557, -0.449767, -0.180963, -0.238212, -0.432627, -0.182937, -0.240657, -0.407789, -0.215065, -0.263923, -0.432207, -0.201042, -0.248636, -0.438711, -0.193436, -0.240059, -0.425471, -0.194562, -0.239028, -0.409683]
Frame 012: [-0.000467, -0.598848, -0.259380, 0.016949, -0.638726, -0.253193, 0.016262, -0.638524, -0.255368, 0.016770, -0.638448, -0.253226, -0.019502, -0.642790, -0.251007, -0.017521, -0.643261, -0.251996, -0.018309, -0.642169, -0.247902, 0.099262, -0.631305, -0.152754, -0.056211, -0.642734, -0.127323, 0.027876, -0.570032, -0.230159, -0.017210, -0.572509, -0.219169, 0.194327, -0.450310, -0.094883, -0.142853, -0.469850, -0.058951, 0.258260, -0.216615, -0.162803, -0.247669, -0.254726, -0.111321, 0.182361, -0.212075, -0.355987, -0.198584, -0.248594, -0.335835, 0.151673, -0.206032, -0.403151, -0.184603, -0.235220, -0.394025, 0.137594, -0.241792, -0.411481, -0.153147, -0.283126, -0.385783, 0.167687, -0.226627, -0.365264, -0.174734, -0.261541, -0.341229, 0.115748, 0.004654, -0.006570, -0.113068, -0.001964, 0.005864, 0.143310, 0.083032, -0.128630, -0.115394, 0.029686, -0.176706, 0.127728, 0.331060, 0.122018, -0.072519, 0.421898, 0.021201, 0.130884, 0.352912, 0.144451, -0.062395, 0.447361, 0.049436, 0.144835, 0.336818, 0.018110, -0.023612, 0.449522, -0.093579, 0.182361, -0.212075, -0.355987, 0.158506, -0.226545, -0.378035, 0.138855, -0.234282, -0.392504, 0.117203, -0.233285, -0.413772, 0.096875, -0.237982, -0.435727, 0.133860, -0.234921, -0.434961, 0.131312, -0.240675, -0.442713, 0.130032, -0.239969, -0.428523, 0.137336, -0.241484, -0.414138, 0.148593, -0.228202, -0.438643, 0.137977, -0.232990, -0.451737, 0.146880, -0.235272, -0.435277, 0.147173, -0.239350, -0.410093, 0.164606, -0.226931, -0.439509, 0.157304, -0.228260, -0.449846, 0.162569, -0.231102, -0.432526, 0.166862, -0.228694, -0.405278, 0.181828, -0.219447, -0.431455, 0.181000, -0.219810, -0.434560, 0.176787, -0.222679, -0.430342, 0.178081, -0.223549, -0.416444, -0.198584, -0.248594, -0.335835, -0.163664, -0.258172, -0.349002, -0.139005, -0.262447, -0.359527, -0.127710, -0.260888, -0.389971, -0.126769, -0.263408, -0.413377, -0.150840, -0.283173, -0.403059, -0.142639, -0.264147, -0.408136, -0.141467, -0.259589, -0.385685, -0.156053, -0.266407, -0.367744, -0.165314, -0.281577, -0.411271, -0.154060, -0.264024, -0.418412, -0.156539, -0.255253, -0.395405, -0.158135, -0.270212, -0.373202, -0.173639, -0.272050, -0.418916, -0.165133, -0.258385, -0.418940, -0.166688, -0.249076, -0.398249, -0.170794, -0.255899, -0.377468, -0.186571, -0.261143, -0.415187, -0.179269, -0.250677, -0.414774, -0.177665, -0.241686, -0.400119, -0.183354, -0.246401, -0.386951]
Frame 013: [-0.000429, -0.604275, -0.252065, 0.016918, -0.644230, -0.244040, 0.016239, -0.644111, -0.246112, 0.016748, -0.644099, -0.244151, -0.019523, -0.646871, -0.242430, -0.017539, -0.647454, -0.242855, -0.018324, -0.646437, -0.238684, 0.099186, -0.638706, -0.143588, -0.056224, -0.645552, -0.120574, 0.027892, -0.577406, -0.221494, -0.017191, -0.578009, -0.212294, 0.194272, -0.463233, -0.079693, -0.141943, -0.476281, -0.055139, 0.259114, -0.253432, -0.090193, -0.249745, -0.281386, -0.046663, 0.189391, -0.134946, -0.230483, -0.202401, -0.164694, -0.190865, 0.165303, -0.088644, -0.269069, -0.197045, -0.117324, -0.234503, 0.141766, -0.113237, -0.302481, -0.164115, -0.148186, -0.245367, 0.171219, -0.136011, -0.247595, -0.179381, -0.161983, -0.200321, 0.114408, 0.003412, -0.004653, -0.112114, -0.001908, 0.004441, 0.137375, 0.106191, -0.097333, -0.092768, 0.125348, -0.127331, 0.125835, 0.417842, 0.092769, -0.057900, 0.503259, 0.022569, 0.128419, 0.445969, 0.104560, -0.049009, 0.528513, 0.051585, 0.145955, 0.427930, -0.041638, -0.021029, 0.538346, -0.090286, 0.189391, -0.134946, -0.230483, 0.159348, -0.131363, -0.253897, 0.135202, -0.126239, -0.266718, 0.127243, -0.120120, -0.299308, 0.122856, -0.100739, -0.324611, 0.141949, -0.132626, -0.313254, 0.140291, -0.115704, -0.312045, 0.142675, -0.109219, -0.281567, 0.156807, -0.123426, -0.259896, 0.158152, -0.133063, -0.319733, 0.151525, -0.102672, -0.317562, 0.157555, -0.107083, -0.286801, 0.159370, -0.112681, -0.263155, 0.170699, -0.125175, -0.319486, 0.166311, -0.099825, -0.315293, 0.166884, -0.103475, -0.286249, 0.171947, -0.108959, -0.263460, 0.189570, -0.118739, -0.309824, 0.183135, -0.098190, -0.302346, 0.179701, -0.091094, -0.282638, 0.188602, -0.103576, -0.267081, -0.202401, -0.164694, -0.190865, -0.173689, -0.156867, -0.214993, -0.159118, -0.132675, -0.230699, -0.144873, -0.110221, -0.253373, -0.142621, -0.086867, -0.271106, -0.166913, -0.132575, -0.270684, -0.159195, -0.104363, -0.267442, -0.156702, -0.103344, -0.238445, -0.159634, -0.119349, -0.213202, -0.181534, -0.126686, -0.270551, -0.175021, -0.093942, -0.270281, -0.168816, -0.097223, -0.244513, -0.173671, -0.109821, -0.230397, -0.194885, -0.119716, -0.264620, -0.186926, -0.095236, -0.262092, -0.183613, -0.097897, -0.241303, -0.187889, -0.106202, -0.225070, -0.204688, -0.117221, -0.252852, -0.197136, -0.098372, -0.246764, -0.194626, -0.098164, -0.225863, -0.196103, -0.106351, -0.219109]
Frame 014: [-0.000657, -0.606845, -0.249996, 0.016507, -0.646775, -0.241415, 0.015862, -0.646693, -0.243404, 0.016371, -0.646700, -0.241515, -0.019928, -0.648705, -0.240292, -0.017914, -0.649325, -0.240595, -0.018689, -0.648344, -0.236401, 0.097605, -0.642307, -0.140349, -0.057409, -0.646639, -0.119510, 0.027334, -0.580813, -0.218747, -0.017779, -0.580496, -0.210541, 0.191956, -0.470902, -0.073838, -0.142161, -0.478771, -0.053867, 0.258765, -0.265915, -0.072115, -0.254179, -0.287688, -0.035638, 0.190302, -0.122010, -0.200429, -0.207307, -0.149804, -0.172542, 0.168040, -0.073631, -0.237996, -0.204917, -0.101890, -0.216089, 0.142421, -0.098069, -0.273550, -0.171991, -0.133076, -0.226941, 0.171487, -0.122545, -0.218319, -0.184855, -0.147157, -0.181799, 0.113004, 0.001882, -0.003650, -0.111173, -0.001573, 0.003641, 0.133528, 0.118076, -0.082631, -0.085301, 0.157912, -0.108387, 0.124658, 0.433208, 0.086307, -0.052955, 0.524443, 0.029507, 0.126951, 0.461329, 0.096376, -0.044832, 0.550314, 0.053734, 0.146196, 0.449182, -0.045747, -0.021547, 0.566174, -0.085137, 0.190302, -0.122010, -0.200429, 0.160263, -0.118721, -0.225174, 0.139862, -0.115778, -0.239051, 0.129333, -0.110656, -0.271065, 0.125707, -0.093318, -0.295851, 0.148799, -0.125379, -0.283258, 0.143821, -0.108359, -0.279764, 0.146279, -0.104169, -0.250495, 0.159725, -0.119885, -0.235179, 0.162963, -0.124123, -0.289281, 0.154090, -0.097324, -0.287252, 0.157326, -0.099714, -0.258563, 0.161563, -0.104136, -0.240329, 0.172959, -0.116522, -0.288561, 0.167494, -0.094451, -0.285304, 0.167765, -0.095502, -0.256593, 0.172069, -0.099210, -0.235968, 0.189282, -0.108255, -0.281261, 0.184406, -0.089379, -0.273845, 0.181795, -0.086718, -0.251628, 0.188984, -0.096232, -0.237575, -0.207307, -0.149804, -0.172542, -0.177768, -0.141554, -0.197167, -0.164420, -0.121762, -0.215520, -0.147482, -0.098313, -0.243761, -0.144811, -0.075897, -0.262470, -0.169751, -0.120052, -0.260004, -0.164027, -0.091719, -0.256029, -0.161701, -0.089524, -0.227040, -0.164287, -0.104843, -0.202221, -0.188391, -0.115100, -0.261520, -0.180203, -0.079658, -0.261010, -0.175938, -0.083327, -0.233096, -0.178847, -0.097986, -0.216790, -0.201672, -0.106857, -0.256200, -0.195408, -0.079894, -0.252207, -0.190334, -0.081509, -0.228034, -0.195178, -0.091794, -0.211190, -0.214298, -0.103169, -0.242500, -0.206027, -0.083408, -0.236398, -0.202640, -0.081736, -0.213711, -0.203094, -0.090596, -0.204354]
Frame 015: [-0.000303, -0.608080, -0.249205, 0.016880, -0.647858, -0.240487, 0.016256, -0.647777, -0.242473, 0.016762, -0.647792, -0.240575, -0.019593, -0.649752, -0.239428, -0.017561, -0.650382, -0.239737, -0.018329, -0.649405, -0.235542, 0.097805, -0.642942, -0.139660, -0.057214, -0.647330, -0.118997, 0.027555, -0.581918, -0.218075, -0.017592, -0.581646, -0.209957, 0.192106, -0.470135, -0.073479, -0.142072, -0.480107, -0.053787, 0.258819, -0.260621, -0.084704, -0.255104, -0.289209, -0.042552, 0.190283, -0.126777, -0.230780, -0.208150, -0.157690, -0.190417, 0.167519, -0.084647, -0.272030, -0.205302, -0.114003, -0.235464, 0.142152, -0.111153, -0.300774, -0.172429, -0.146825, -0.244891, 0.171363, -0.129461, -0.246548, -0.185694, -0.156936, -0.199478, 0.112719, 0.001654, -0.002858, -0.110976, -0.001574, 0.002948, 0.133135, 0.116136, -0.082602, -0.085367, 0.142228, -0.106247, 0.124430, 0.420965, 0.090182, -0.052304, 0.510746, 0.042032, 0.126696, 0.447779, 0.102122, -0.043987, 0.536197, 0.060326, 0.147559, 0.434431, -0.037394, -0.020479, 0.549483, -0.080323, 0.190283, -0.126777, -0.230780, 0.156146, -0.124452, -0.248427, 0.129294, -0.123009, -0.256710, 0.115470, -0.109408, -0.285271, 0.108513, -0.090195, -0.312038, 0.136024, -0.127121, -0.304212, 0.130517, -0.107310, -0.307414, 0.132105, -0.102714, -0.280317, 0.139585, -0.108669, -0.258372, 0.150590, -0.125437, -0.312582, 0.138497, -0.102488, -0.315023, 0.144367, -0.094018, -0.287142, 0.143300, -0.103244, -0.262621, 0.162591, -0.119609, -0.317021, 0.155327, -0.094277, -0.313480, 0.157705, -0.094526, -0.287908, 0.158285, -0.101310, -0.265482, 0.179186, -0.110061, -0.308978, 0.170442, -0.090551, -0.305501, 0.166386, -0.086348, -0.284159, 0.171381, -0.095046, -0.272114, -0.208150, -0.157690, -0.190417, -0.175273, -0.149046, -0.208853, -0.163268, -0.128701, -0.229219, -0.143677, -0.106219, -0.253198, -0.136626, -0.085910, -0.274586, -0.162447, -0.128368, -0.271151, -0.155479, -0.097729, -0.264194, -0.155583, -0.098661, -0.237024, -0.158605, -0.115390, -0.210322, -0.178609, -0.122845, -0.273807, -0.173031, -0.088907, -0.274569, -0.171268, -0.091923, -0.242433, -0.172263, -0.105097, -0.225186, -0.193194, -0.114079, -0.270944, -0.187312, -0.087906, -0.264050, -0.184337, -0.089756, -0.240202, -0.189936, -0.099314, -0.224043, -0.206783, -0.110963, -0.258595, -0.200622, -0.090220, -0.249943, -0.199348, -0.090588, -0.226435, -0.198317, -0.098018, -0.214861]
Frame 016: [0.001057, -0.607975, -0.244580, 0.018580, -0.647747, -0.235551, 0.017968, -0.647662, -0.237466, 0.018432, -0.647674, -0.235457, -0.017950, -0.649709, -0.234850, -0.015902, -0.650332, -0.235394, -0.016697, -0.649353, -0.231184, 0.098571, -0.642738, -0.134482, -0.056515, -0.647214, -0.115023, 0.028516, -0.581632, -0.213420, -0.016783, -0.581496, -0.205627, 0.192786, -0.469339, -0.071185, -0.141846, -0.480026, -0.050303, 0.259507, -0.258614, -0.093049, -0.255716, -0.288045, -0.054569, 0.191816, -0.139503, -0.250636, -0.207746, -0.169504, -0.251606, 0.168719, -0.106343, -0.292694, -0.204493, -0.134333, -0.310274, 0.144059, -0.133957, -0.316320, -0.169530, -0.170315, -0.315618, 0.173018, -0.144686, -0.264782, -0.184897, -0.171760, -0.262055, 0.112747, 0.001443, -0.002840, -0.110997, -0.001407, 0.002904, 0.135351, 0.091152, -0.086511, -0.091133, 0.114440, -0.106235, 0.125249, 0.403921, 0.104708, -0.053322, 0.496132, 0.084228, 0.127458, 0.426088, 0.116796, -0.045633, 0.520824, 0.106962, 0.147497, 0.404203, -0.029178, -0.020327, 0.531826, -0.046361, 0.191816, -0.139503, -0.250636, 0.158331, -0.144504, -0.266746, 0.129454, -0.144333, -0.276978, 0.110801, -0.128948, -0.303299, 0.100711, -0.110578, -0.330865, 0.135086, -0.148489, -0.322884, 0.126382, -0.128891, -0.328321, 0.127678, -0.125813, -0.307141, 0.137107, -0.130981, -0.280433, 0.153558, -0.142427, -0.328665, 0.135393, -0.119062, -0.335344, 0.142652, -0.114103, -0.308216, 0.142647, -0.123613, -0.280903, 0.167798, -0.136304, -0.333284, 0.155958, -0.106983, -0.334761, 0.157480, -0.113060, -0.309841, 0.161484, -0.122917, -0.287187, 0.184927, -0.123785, -0.325179, 0.173084, -0.102843, -0.324421, 0.170534, -0.101332, -0.307897, 0.177844, -0.111218, -0.297159, -0.207746, -0.169504, -0.251606, -0.172377, -0.160893, -0.272380, -0.149158, -0.148012, -0.284458, -0.132738, -0.134456, -0.313154, -0.121107, -0.122249, -0.340275, -0.143433, -0.161214, -0.330329, -0.132603, -0.132803, -0.330201, -0.129775, -0.129607, -0.303065, -0.136198, -0.147974, -0.283762, -0.157369, -0.156132, -0.335936, -0.139794, -0.128922, -0.334316, -0.144662, -0.130208, -0.306417, -0.146323, -0.144934, -0.288020, -0.170315, -0.145654, -0.335262, -0.157449, -0.123639, -0.330195, -0.159910, -0.124936, -0.306793, -0.164502, -0.131528, -0.285035, -0.186961, -0.138496, -0.325798, -0.174935, -0.119605, -0.317897, -0.173066, -0.119379, -0.298442, -0.182238, -0.128469, -0.288166]
Frame 017: [0.001693, -0.605388, -0.245010, 0.019243, -0.645548, -0.236161, 0.018616, -0.645418, -0.238099, 0.019073, -0.645390, -0.236086, -0.017206, -0.647970, -0.235279, -0.015167, -0.648527, -0.235856, -0.015963, -0.647548, -0.231644, 0.099965, -0.639690, -0.135186, -0.054901, -0.646061, -0.115269, 0.029416, -0.578120, -0.214055, -0.016002, -0.578782, -0.206008, 0.195344, -0.461650, -0.071651, -0.141254, -0.479938, -0.049237, 0.262077, -0.239731, -0.115267, -0.259620, -0.285794, -0.062868, 0.191275, -0.147031, -0.299194, -0.207647, -0.197724, -0.285201, 0.165199, -0.124248, -0.348989, -0.203765, -0.168603, -0.346873, 0.143380, -0.161244, -0.371262, -0.168450, -0.212316, -0.347006, 0.172772, -0.158625, -0.313156, -0.184620, -0.204152, -0.294310, 0.113204, 0.001472, -0.002968, -0.111309, -0.001424, 0.002983, 0.137338, 0.071847, -0.116561, -0.096663, 0.059733, -0.126138, 0.125537, 0.382458, 0.100614, -0.054280, 0.486776, 0.077958, 0.127682, 0.403104, 0.114270, -0.046771, 0.513429, 0.101335, 0.143940, 0.375219, -0.036486, -0.020636, 0.518953, -0.060410, 0.191275, -0.147031, -0.299194, 0.162698, -0.163074, -0.317385, 0.136869, -0.176482, -0.327808, 0.117888, -0.179432, -0.351996, 0.099247, -0.174719, -0.372913, 0.129543, -0.166265, -0.365904, 0.122896, -0.176304, -0.377359, 0.126154, -0.186019, -0.373243, 0.135886, -0.194284, -0.359821, 0.144255, -0.159590, -0.371272, 0.137250, -0.174164, -0.390805, 0.146076, -0.184635, -0.381637, 0.148843, -0.194574, -0.355296, 0.162087, -0.159713, -0.377675, 0.157185, -0.169023, -0.390626, 0.165711, -0.182551, -0.381216, 0.171473, -0.189143, -0.359403, 0.180773, -0.154172, -0.375589, 0.180082, -0.161776, -0.381617, 0.181223, -0.173923, -0.378412, 0.187704, -0.177960, -0.366461, 0.000000, 0.000000, 0.000000, 0.000000, 0.000000, 0.000000, 0.000000, 0.000000, 0.000000, 0.000000, 0.000000, 0.000000, 0.000000, 0.000000, 0.000000, 0.000000, 0.000000, 0.000000, 0.000000, 0.000000, 0.000000, 0.000000, 0.000000, 0.000000, 0.000000, 0.000000, 0.000000, 0.000000, 0.000000, 0.000000, 0.000000, 0.000000, 0.000000, 0.000000, 0.000000, 0.000000, 0.000000, 0.000000, 0.000000, 0.000000, 0.000000, 0.000000, 0.000000, 0.000000, 0.000000, 0.000000, 0.000000, 0.000000, 0.000000, 0.000000, 0.000000, 0.000000, 0.000000, 0.000000, 0.000000, 0.000000, 0.000000, 0.000000, 0.000000, 0.000000, 0.000000, 0.000000, 0.000000]
Frame 018: [0.001800, -0.598725, -0.252148, 0.019408, -0.638634, -0.245876, 0.018767, -0.638454, -0.248051, 0.019233, -0.638398, -0.245914, -0.016976, -0.642628, -0.243710, -0.014956, -0.643154, -0.244513, -0.015751, -0.642114, -0.240371, 0.100692, -0.632377, -0.147028, -0.053877, -0.644228, -0.122283, 0.029639, -0.570893, -0.222819, -0.015570, -0.573557, -0.212492, 0.195955, -0.452774, -0.086418, -0.141200, -0.479466, -0.051879, 0.261060, -0.217034, -0.149902, -0.259522, -0.275907, -0.088410, 0.190347, -0.198654, -0.349638, -0.206606, -0.236132, -0.318523, 0.162548, -0.198387, -0.397875, -0.196971, -0.222743, -0.375361, 0.143405, -0.234295, -0.405859, -0.161142, -0.270941, -0.368212, 0.172745, -0.214767, -0.357989, -0.182553, -0.249640, -0.323933, 0.114185, 0.002388, -0.003342, -0.111924, -0.001811, 0.003251, 0.140618, 0.074190, -0.134964, -0.102336, 0.023180, -0.181307, 0.128176, 0.333294, 0.103085, -0.055371, 0.426260, 0.018685, 0.130872, 0.353381, 0.122252, -0.047199, 0.451357, 0.050207, 0.145798, 0.338109, -0.007838, -0.018503, 0.451703, -0.088647, 0.190347, -0.198654, -0.349638, 0.163660, -0.205246, -0.370905, 0.148007, -0.205036, -0.391127, 0.131468, -0.197277, -0.426558, 0.118798, -0.194428, -0.455818, 0.153137, -0.220439, -0.435295, 0.141734, -0.193032, -0.442970, 0.142524, -0.184656, -0.424235, 0.151859, -0.197042, -0.402051, 0.168452, -0.216841, -0.442319, 0.153166, -0.193154, -0.452320, 0.159458, -0.182467, -0.426273, 0.158293, -0.200440, -0.398310, 0.180525, -0.213083, -0.448035, 0.171596, -0.183811, -0.452051, 0.174608, -0.182755, -0.426696, 0.182060, -0.193154, -0.400703, 0.197031, -0.197170, -0.439587, 0.190608, -0.177360, -0.440795, 0.186215, -0.177011, -0.426262, 0.193578, -0.189472, -0.408735, -0.206606, -0.236132, -0.318523, -0.172814, -0.237603, -0.337284, -0.142721, -0.240910, -0.354700, -0.125994, -0.244519, -0.380807, -0.115982, -0.260179, -0.401448, -0.153786, -0.281124, -0.382927, -0.141022, -0.272357, -0.395560, -0.135161, -0.258372, -0.390679, -0.137272, -0.245261, -0.386964, -0.171915, -0.281754, -0.387653, -0.155590, -0.266609, -0.405215, -0.149455, -0.245094, -0.398140, -0.146086, -0.242704, -0.373671, -0.183881, -0.273255, -0.393861, -0.172891, -0.257268, -0.405726, -0.169366, -0.240310, -0.396961, -0.169610, -0.236039, -0.375081, -0.201354, -0.260979, -0.392843, -0.195431, -0.250497, -0.398633, -0.187480, -0.240428, -0.394277, -0.187392, -0.235290, -0.380864]
Frame 019: [0.001689, -0.595363, -0.256196, 0.019337, -0.635124, -0.251006, 0.018690, -0.634922, -0.253232, 0.019158, -0.634861, -0.251039, -0.017042, -0.639609, -0.248846, -0.015026, -0.640109, -0.249788, -0.015822, -0.639024, -0.245691, 0.100544, -0.628985, -0.151881, -0.054062, -0.642655, -0.126812, 0.029486, -0.567388, -0.227088, -0.015645, -0.570649, -0.216301, 0.195504, -0.450598, -0.090132, -0.141820, -0.477629, -0.053934, 0.260478, -0.213207, -0.155325, -0.258036, -0.266258, -0.102971, 0.189244, -0.218833, -0.353847, -0.207750, -0.256708, -0.328216, 0.160247, -0.221567, -0.401353, -0.197200, -0.251436, -0.382840, 0.142989, -0.255784, -0.406397, -0.163791, -0.299749, -0.374276, 0.172366, -0.234900, -0.361108, -0.184352, -0.272597, -0.332751, 0.114594, 0.002889, -0.003555, -0.112198, -0.001991, 0.003382, 0.141545, 0.074830, -0.138524, -0.109138, 0.024219, -0.178751, 0.128164, 0.315099, 0.106723, -0.063448, 0.413624, 0.019310, 0.130866, 0.334842, 0.128911, -0.054415, 0.438588, 0.050923, 0.145827, 0.323726, 0.011518, -0.019053, 0.439703, -0.084785, 0.189244, -0.218833, -0.353847, 0.163412, -0.231297, -0.378135, 0.147708, -0.230972, -0.395865, 0.128211, -0.226550, -0.431222, 0.112746, -0.228172, -0.459215, 0.153849, -0.252896, -0.436651, 0.141107, -0.221234, -0.447306, 0.144747, -0.216358, -0.429871, 0.154136, -0.231616, -0.408556, 0.169397, -0.249905, -0.444402, 0.156542, -0.225499, -0.453756, 0.159105, -0.215803, -0.432864, 0.161407, -0.235322, -0.408827, 0.180844, -0.244945, -0.450200, 0.171429, -0.212365, -0.455575, 0.175086, -0.210692, -0.431713, 0.181286, -0.225412, -0.409249, 0.195304, -0.225714, -0.445072, 0.187153, -0.204546, -0.447227, 0.186984, -0.204216, -0.430704, 0.190938, -0.217486, -0.419148, -0.207750, -0.256708, -0.328216, -0.178133, -0.265637, -0.351305, -0.153733, -0.272669, -0.365697, -0.132303, -0.269538, -0.397766, -0.125040, -0.277526, -0.422594, -0.161259, -0.298403, -0.406384, -0.146121, -0.272247, -0.416788, -0.141116, -0.255111, -0.398794, -0.149995, -0.251763, -0.375607, -0.179930, -0.291554, -0.412299, -0.154123, -0.270355, -0.424576, -0.151224, -0.249745, -0.406689, -0.151487, -0.254885, -0.374558, -0.187028, -0.276601, -0.417520, -0.167144, -0.254601, -0.419777, -0.166908, -0.238502, -0.397874, -0.173476, -0.241124, -0.368857, -0.199204, -0.260022, -0.408995, -0.189358, -0.245830, -0.413905, -0.180969, -0.238215, -0.397916, -0.188238, -0.233285, -0.376214]
Frame 020: [0.001497, -0.594036, -0.261861, 0.019070, -0.633638, -0.257217, 0.018413, -0.633434, -0.259518, 0.018888, -0.633372, -0.257312, -0.017269, -0.638237, -0.255206, -0.015262, -0.638733, -0.256241, -0.016057, -0.637629, -0.252189, 0.099443, -0.627104, -0.157487, -0.055112, -0.641171, -0.133173, 0.029036, -0.565858, -0.233191, -0.015889, -0.569191, -0.222190, 0.194360, -0.450019, -0.096226, -0.143787, -0.475584, -0.061627, 0.261158, -0.214677, -0.165000, -0.257829, -0.260359, -0.121794, 0.189420, -0.231896, -0.363769, -0.207776, -0.262702, -0.346263, 0.160202, -0.235472, -0.409825, -0.196785, -0.259547, -0.400358, 0.143043, -0.268347, -0.411785, -0.163666, -0.307941, -0.389119, 0.172849, -0.247201, -0.369982, -0.184395, -0.279240, -0.349427, 0.114945, 0.003234, -0.003662, -0.112474, -0.002099, 0.003436, 0.142480, 0.075677, -0.140260, -0.112157, 0.028908, -0.186323, 0.128926, 0.297879, 0.110579, -0.069345, 0.398993, 0.006673, 0.131910, 0.317223, 0.135875, -0.060528, 0.423280, 0.040099, 0.148932, 0.312340, 0.034127, -0.020355, 0.427207, -0.084066, 0.189420, -0.231896, -0.363769, 0.164243, -0.250352, -0.379204, 0.144725, -0.263885, -0.396484, 0.125919, -0.270418, -0.427606, 0.115559, -0.278338, -0.455821, 0.154037, -0.293932, -0.426705, 0.141293, -0.269063, -0.444577, 0.141763, -0.258175, -0.429511, 0.154050, -0.261199, -0.407598, 0.173130, -0.291689, -0.437835, 0.156074, -0.270166, -0.453308, 0.156099, -0.251269, -0.434185, 0.166761, -0.266084, -0.408274, 0.189116, -0.284445, -0.447222, 0.173295, -0.255677, -0.458471, 0.174246, -0.243497, -0.435907, 0.183876, -0.253582, -0.408829, 0.200640, -0.261870, -0.447347, 0.189121, -0.243991, -0.452656, 0.187721, -0.240066, -0.437168, 0.195964, -0.246433, -0.420820, -0.207776, -0.262702, -0.346263, -0.177124, -0.270019, -0.376131, -0.155301, -0.284519, -0.390679, -0.137505, -0.288549, -0.418804, -0.127692, -0.309322, -0.445496, -0.166460, -0.312184, -0.425089, -0.154998, -0.290706, -0.438709, -0.149489, -0.275515, -0.426332, -0.156587, -0.269232, -0.407998, -0.188147, -0.304972, -0.427603, -0.166232, -0.293166, -0.441538, -0.160613, -0.271652, -0.435364, -0.160846, -0.273491, -0.400617, -0.195358, -0.293989, -0.431484, -0.177179, -0.278354, -0.441297, -0.170487, -0.259276, -0.424727, -0.180849, -0.259801, -0.396793, -0.207097, -0.276804, -0.423237, -0.195727, -0.263429, -0.433244, -0.182574, -0.260077, -0.422684, -0.187455, -0.254264, -0.403647]
Frame 021: [0.001331, -0.592404, -0.265829, 0.018854, -0.631816, -0.261503, 0.018188, -0.631610, -0.263852, 0.018672, -0.631547, -0.261625, -0.017514, -0.636527, -0.259138, -0.015517, -0.637027, -0.260189, -0.016310, -0.635905, -0.256156, 0.099342, -0.624850, -0.162237, -0.055367, -0.639379, -0.136268, 0.028930, -0.564078, -0.237648, -0.015943, -0.567531, -0.225993, 0.194379, -0.447684, -0.101348, -0.143983, -0.473081, -0.065384, 0.261170, -0.211734, -0.171595, -0.254574, -0.252841, -0.126323, 0.189348, -0.232496, -0.371826, -0.205123, -0.259980, -0.348820, 0.159752, -0.235972, -0.417498, -0.191282, -0.255680, -0.402070, 0.143035, -0.268772, -0.417668, -0.159400, -0.303727, -0.390984, 0.172871, -0.247640, -0.377286, -0.181769, -0.276100, -0.351949, 0.115397, 0.003748, -0.003788, -0.112806, -0.002343, 0.003518, 0.142773, 0.076264, -0.144190, -0.114077, 0.021514, -0.197981, 0.129107, 0.292733, 0.112114, -0.071607, 0.389778, -0.006661, 0.132240, 0.312171, 0.138604, -0.062621, 0.413911, 0.027516, 0.149952, 0.306796, 0.038227, -0.020517, 0.416712, -0.091625, 0.189348, -0.232496, -0.371826, 0.158270, -0.251834, -0.387949, 0.137280, -0.270586, -0.402478, 0.120373, -0.278075, -0.432233, 0.103782, -0.287296, -0.456434, 0.145241, -0.294314, -0.439333, 0.131788, -0.279160, -0.451295, 0.124904, -0.267539, -0.436791, 0.133378, -0.262596, -0.418366, 0.158898, -0.291504, -0.449588, 0.142662, -0.277106, -0.461370, 0.139388, -0.261024, -0.443804, 0.139298, -0.261505, -0.418134, 0.173755, -0.285871, -0.456093, 0.159594, -0.266505, -0.463947, 0.159625, -0.257227, -0.441800, 0.163232, -0.256784, -0.419339, 0.186891, -0.267803, -0.455039, 0.174434, -0.252753, -0.456675, 0.173531, -0.248655, -0.440187, 0.176046, -0.254961, -0.427300, -0.205123, -0.259980, -0.348820, -0.176906, -0.268086, -0.380683, -0.158414, -0.276022, -0.406561, -0.141815, -0.281213, -0.439819, -0.134377, -0.289556, -0.469551, -0.174028, -0.303624, -0.444859, -0.161024, -0.296944, -0.466139, -0.154365, -0.287765, -0.467703, -0.150637, -0.274378, -0.465518, -0.192128, -0.298756, -0.443778, -0.169203, -0.280036, -0.465237, -0.165477, -0.257920, -0.453612, -0.167284, -0.262785, -0.421346, -0.200053, -0.288738, -0.446185, -0.182473, -0.262480, -0.459763, -0.178051, -0.248622, -0.443920, -0.181818, -0.251270, -0.413375, -0.214012, -0.269827, -0.438228, -0.197411, -0.251270, -0.447952, -0.189661, -0.241847, -0.437862, -0.193925, -0.243423, -0.419166]
Frame 022: [-0.000126, -0.591576, -0.266621, 0.017293, -0.631180, -0.262031, 0.016612, -0.630972, -0.264353, 0.017104, -0.630902, -0.262143, -0.019232, -0.635855, -0.259634, -0.017246, -0.636351, -0.260660, -0.018035, -0.635229, -0.256603, 0.098473, -0.624697, -0.162284, -0.056862, -0.639135, -0.136337, 0.027814, -0.563453, -0.238184, -0.017133, -0.566847, -0.226600, 0.194197, -0.447659, -0.101170, -0.145057, -0.472820, -0.065118, 0.261336, -0.212071, -0.168670, -0.254757, -0.253340, -0.123260, 0.187665, -0.226925, -0.368501, -0.204054, -0.256758, -0.347656, 0.156376, -0.225767, -0.415446, -0.188678, -0.249823, -0.402960, 0.139751, -0.258250, -0.418371, -0.156637, -0.297306, -0.392485, 0.171246, -0.241017, -0.375130, -0.180238, -0.271946, -0.351280, 0.115549, 0.003748, -0.003876, -0.112928, -0.002345, 0.003587, 0.142698, 0.074366, -0.142343, -0.116334, 0.024948, -0.191645, 0.129147, 0.295588, 0.113689, -0.073119, 0.394080, -0.003199, 0.132285, 0.315161, 0.139655, -0.063726, 0.417879, 0.033615, 0.149940, 0.306566, 0.034459, -0.021184, 0.422586, -0.086119, 0.187665, -0.226925, -0.368501, 0.160168, -0.240845, -0.390428, 0.136668, -0.251078, -0.405669, 0.117737, -0.245373, -0.437139, 0.108976, -0.239038, -0.468258, 0.148178, -0.260567, -0.454111, 0.131308, -0.238228, -0.461594, 0.134833, -0.227945, -0.440398, 0.147727, -0.226830, -0.414033, 0.164172, -0.249942, -0.460197, 0.142585, -0.226630, -0.468471, 0.149166, -0.214020, -0.438006, 0.152264, -0.223120, -0.409714, 0.174350, -0.239254, -0.462065, 0.157939, -0.212014, -0.465097, 0.157860, -0.208569, -0.438295, 0.167580, -0.216101, -0.412917, 0.186958, -0.222275, -0.453363, 0.172926, -0.204512, -0.451262, 0.164476, -0.198060, -0.434139, 0.174075, -0.208629, -0.418918, -0.204054, -0.256758, -0.347656, -0.172710, -0.258550, -0.369895, -0.154101, -0.266646, -0.396627, -0.135728, -0.261177, -0.428623, -0.123878, -0.272716, -0.460021, -0.163820, -0.285518, -0.433490, -0.150315, -0.269944, -0.446370, -0.148320, -0.261266, -0.434599, -0.153072, -0.257540, -0.419827, -0.184129, -0.283557, -0.436986, -0.168933, -0.269063, -0.447354, -0.164708, -0.252519, -0.433630, -0.170562, -0.256434, -0.408232, -0.196104, -0.277490, -0.437080, -0.181592, -0.257630, -0.444282, -0.181189, -0.243195, -0.432284, -0.185750, -0.243606, -0.406380, -0.209150, -0.264035, -0.425719, -0.195419, -0.249844, -0.434258, -0.191965, -0.241014, -0.426933, -0.197025, -0.239065, -0.415274]
Frame 023: [-0.000662, -0.599132, -0.259200, 0.016469, -0.639136, -0.251955, 0.015830, -0.638998, -0.254019, 0.016316, -0.638975, -0.252004, -0.020082, -0.641708, -0.250340, -0.018060, -0.642254, -0.250956, -0.018844, -0.641210, -0.246792, 0.097609, -0.633731, -0.152393, -0.057594, -0.640989, -0.128930, 0.027433, -0.572013, -0.229439, -0.017617, -0.572718, -0.219713, 0.193632, -0.458517, -0.087968, -0.144318, -0.473398, -0.061435, 0.261229, -0.240025, -0.110000, -0.254367, -0.264197, -0.058084, 0.187670, -0.153035, -0.254124, -0.203083, -0.164487, -0.198882, 0.157863, -0.114291, -0.295346, -0.189376, -0.121134, -0.242957, 0.139564, -0.142252, -0.322790, -0.157197, -0.156552, -0.251379, 0.170838, -0.157454, -0.268964, -0.179499, -0.165385, -0.207577, 0.114557, 0.002804, -0.003463, -0.112283, -0.002150, 0.003260, 0.138461, 0.089803, -0.108200, -0.102205, 0.101403, -0.130109, 0.127073, 0.387110, 0.099311, -0.063355, 0.479739, 0.036628, 0.129889, 0.412616, 0.113881, -0.054432, 0.505449, 0.057882, 0.149460, 0.396412, -0.024507, -0.021102, 0.517106, -0.080806, 0.187670, -0.153035, -0.254124, 0.165060, -0.153585, -0.272311, 0.142375, -0.146981, -0.282974, 0.134070, -0.142161, -0.312616, 0.125255, -0.123180, -0.335099, 0.148914, -0.157284, -0.330103, 0.149200, -0.142929, -0.327628, 0.150869, -0.139531, -0.297386, 0.161929, -0.151904, -0.275757, 0.160477, -0.157713, -0.336309, 0.151809, -0.133252, -0.334556, 0.157611, -0.134027, -0.304894, 0.161563, -0.140265, -0.285794, 0.169814, -0.151171, -0.337633, 0.166413, -0.130726, -0.333104, 0.168486, -0.132600, -0.307420, 0.173318, -0.138978, -0.283799, 0.184634, -0.142819, -0.326838, 0.179283, -0.126417, -0.323758, 0.177514, -0.121755, -0.302426, 0.189326, -0.131940, -0.288944, -0.203083, -0.164487, -0.198882, -0.178140, -0.153247, -0.223314, -0.167776, -0.132343, -0.238141, -0.153069, -0.115363, -0.263754, -0.152847, -0.092772, -0.282748, -0.168656, -0.136906, -0.280878, -0.169605, -0.113160, -0.278920, -0.166985, -0.113512, -0.247981, -0.167426, -0.131421, -0.224493, -0.182627, -0.134777, -0.283232, -0.180600, -0.107221, -0.282280, -0.180013, -0.110014, -0.255712, -0.174708, -0.121659, -0.237467, -0.192868, -0.128855, -0.277971, -0.193198, -0.106133, -0.272534, -0.193504, -0.108942, -0.250182, -0.194534, -0.118229, -0.232282, -0.204790, -0.125465, -0.265635, -0.202227, -0.108498, -0.258539, -0.202759, -0.106228, -0.239104, -0.202392, -0.116826, -0.228374]
Frame 024: [-0.002660, -0.607238, -0.260214, 0.014129, -0.646894, -0.252278, 0.013552, -0.646812, -0.254287, 0.014045, -0.646820, -0.252318, -0.022509, -0.648161, -0.250885, -0.020428, -0.648791, -0.251386, -0.021180, -0.647824, -0.247215, 0.094124, -0.641021, -0.152390, -0.060943, -0.643600, -0.129741, 0.024910, -0.580612, -0.229817, -0.020331, -0.579595, -0.220863, 0.188768, -0.467441, -0.086817, -0.145454, -0.474289, -0.061543, 0.256606, -0.255950, -0.085854, -0.258490, -0.268139, -0.046018, 0.185856, -0.119847, -0.206181, -0.204506, -0.138806, -0.178287, 0.157985, -0.071420, -0.243255, -0.194129, -0.091724, -0.221561, 0.138018, -0.097404, -0.279863, -0.162252, -0.125238, -0.232888, 0.167596, -0.121162, -0.224329, -0.181279, -0.137597, -0.187394, 0.112878, 0.000423, -0.003089, -0.111254, -0.001321, 0.003018, 0.131138, 0.106264, -0.085057, -0.091819, 0.166103, -0.110303, 0.125418, 0.426607, 0.080652, -0.059077, 0.526352, 0.039944, 0.127765, 0.454343, 0.089195, -0.051045, 0.552222, 0.057878, 0.149212, 0.444249, -0.059216, -0.025474, 0.575417, -0.085045, 0.185856, -0.119847, -0.206181, 0.155646, -0.111925, -0.221949, 0.129858, -0.098853, -0.235539, 0.115700, -0.084948, -0.263235, 0.111860, -0.057471, -0.285595, 0.132583, -0.101119, -0.282436, 0.128002, -0.081275, -0.280202, 0.132226, -0.078555, -0.247446, 0.144240, -0.091241, -0.224852, 0.149122, -0.100491, -0.291142, 0.139776, -0.069523, -0.285705, 0.143559, -0.072908, -0.255805, 0.149212, -0.084248, -0.235287, 0.164460, -0.093189, -0.290726, 0.155325, -0.067764, -0.284069, 0.159862, -0.072836, -0.251291, 0.162491, -0.078749, -0.229834, 0.183267, -0.087229, -0.278890, 0.175485, -0.066790, -0.272200, 0.173003, -0.063561, -0.248744, 0.181218, -0.073623, -0.234009, -0.204506, -0.138806, -0.178287, -0.176378, -0.122429, -0.200638, -0.165088, -0.099229, -0.212322, -0.154601, -0.077453, -0.236620, -0.150450, -0.057611, -0.249804, -0.176752, -0.097927, -0.253360, -0.171050, -0.075979, -0.247637, -0.166548, -0.075479, -0.217961, -0.168262, -0.090352, -0.198707, -0.191456, -0.092993, -0.253121, -0.185850, -0.069880, -0.250160, -0.180215, -0.074941, -0.226976, -0.186890, -0.084787, -0.213266, -0.204310, -0.088544, -0.247559, -0.199171, -0.071672, -0.241691, -0.195972, -0.075212, -0.221644, -0.200537, -0.081573, -0.208361, -0.211254, -0.088954, -0.238326, -0.208625, -0.074618, -0.232578, -0.205777, -0.076596, -0.216082, -0.207640, -0.084222, -0.212666]
Frame 025: [-0.005795, -0.609869, -0.263463, 0.010994, -0.649320, -0.254615, 0.010451, -0.649256, -0.256560, 0.010964, -0.649268, -0.254676, -0.025903, -0.650521, -0.253321, -0.023791, -0.651195, -0.253627, -0.024507, -0.650255, -0.249450, 0.090944, -0.643307, -0.153078, -0.064898, -0.645464, -0.131674, 0.021330, -0.583420, -0.232080, -0.024247, -0.582318, -0.223942, 0.184698, -0.469255, -0.086965, -0.149230, -0.475613, -0.061988, 0.250533, -0.257730, -0.087074, -0.263927, -0.270437, -0.045741, 0.181332, -0.109949, -0.211328, -0.210356, -0.135451, -0.186835, 0.156554, -0.061504, -0.248271, -0.203590, -0.089258, -0.231592, 0.133461, -0.088056, -0.285840, -0.171827, -0.122259, -0.243489, 0.161871, -0.111325, -0.229886, -0.187611, -0.133874, -0.196274, 0.112016, -0.001480, -0.002801, -0.110705, -0.000485, 0.002847, 0.129635, 0.111657, -0.075431, -0.084894, 0.178625, -0.104300, 0.126152, 0.433589, 0.075952, -0.051685, 0.533952, 0.041412, 0.128340, 0.461891, 0.083964, -0.043902, 0.559050, 0.057851, 0.151154, 0.451699, -0.066124, -0.025362, 0.582537, -0.086991, 0.181332, -0.109949, -0.211328, 0.152835, -0.104637, -0.229275, 0.129883, -0.094707, -0.243735, 0.118598, -0.084786, -0.272965, 0.112663, -0.062092, -0.297510, 0.137935, -0.100990, -0.290842, 0.131849, -0.085809, -0.289236, 0.134377, -0.082906, -0.258481, 0.148992, -0.098342, -0.235420, 0.150765, -0.100714, -0.298284, 0.138292, -0.077160, -0.292058, 0.140908, -0.076603, -0.264187, 0.148376, -0.085338, -0.244416, 0.161207, -0.093521, -0.296861, 0.151020, -0.072089, -0.289711, 0.153898, -0.077333, -0.257090, 0.159779, -0.079962, -0.237533, 0.176325, -0.086236, -0.285183, 0.167730, -0.068752, -0.279773, 0.165182, -0.067911, -0.254907, 0.175977, -0.074732, -0.239932, -0.210356, -0.135451, -0.186835, -0.183765, -0.124338, -0.207909, -0.173555, -0.102689, -0.222509, -0.164173, -0.085942, -0.245376, -0.159545, -0.066980, -0.260851, -0.182970, -0.104136, -0.263488, -0.176705, -0.087955, -0.258226, -0.171346, -0.088484, -0.226724, -0.172490, -0.101612, -0.208817, -0.194144, -0.100113, -0.263988, -0.186149, -0.078547, -0.256949, -0.181832, -0.081862, -0.233277, -0.187472, -0.090697, -0.223786, -0.201636, -0.093892, -0.258314, -0.196366, -0.078231, -0.250842, -0.195192, -0.082111, -0.227594, -0.200098, -0.086636, -0.212497, -0.206369, -0.092172, -0.245891, -0.201413, -0.079390, -0.239615, -0.202514, -0.079700, -0.219799, -0.205303, -0.086775, -0.211711]
Frame 026: [-0.007421, -0.609798, -0.268176, 0.009185, -0.649462, -0.258771, 0.008655, -0.649396, -0.260638, 0.009172, -0.649399, -0.258856, -0.027608, -0.650600, -0.257407, -0.025489, -0.651267, -0.257601, -0.026195, -0.650333, -0.253388, 0.088886, -0.643913, -0.155982, -0.066445, -0.645513, -0.135517, 0.019572, -0.583306, -0.236378, -0.025973, -0.582186, -0.228516, 0.181465, -0.469649, -0.090013, -0.150186, -0.475581, -0.063690, 0.245622, -0.257087, -0.093715, -0.267389, -0.270527, -0.044978, 0.173348, -0.108359, -0.218211, -0.210578, -0.134937, -0.183026, 0.149424, -0.060454, -0.254015, -0.203347, -0.088661, -0.227475, 0.124867, -0.088004, -0.292698, -0.171411, -0.123666, -0.238825, 0.153448, -0.110586, -0.236912, -0.187541, -0.134323, -0.192228, 0.111428, -0.002739, -0.002795, -0.110292, 0.000326, 0.002846, 0.128552, 0.110853, -0.074397, -0.084281, 0.171693, -0.102522, 0.127684, 0.435006, 0.075753, -0.051934, 0.533125, 0.050590, 0.129949, 0.463353, 0.084126, -0.044438, 0.558665, 0.064737, 0.151733, 0.453587, -0.066959, -0.030975, 0.582046, -0.084139, 0.173348, -0.108359, -0.218211, 0.141969, -0.098095, -0.235541, 0.120140, -0.085976, -0.247237, 0.109649, -0.071868, -0.276904, 0.104473, -0.048778, -0.295476, 0.127444, -0.090202, -0.292307, 0.123403, -0.071201, -0.286832, 0.123941, -0.066748, -0.256890, 0.137630, -0.081662, -0.236822, 0.140610, -0.088109, -0.299121, 0.127955, -0.057859, -0.292634, 0.133626, -0.059149, -0.264551, 0.138939, -0.067928, -0.245990, 0.152438, -0.080576, -0.298997, 0.145092, -0.055952, -0.292145, 0.147019, -0.058396, -0.265296, 0.150533, -0.062956, -0.244514, 0.168813, -0.073543, -0.288214, 0.162498, -0.053541, -0.283139, 0.159324, -0.054112, -0.257195, 0.166325, -0.058309, -0.244816, -0.210578, -0.134937, -0.183026, -0.185282, -0.120781, -0.202332, -0.174469, -0.103390, -0.217994, -0.163894, -0.083903, -0.238336, -0.162165, -0.064654, -0.252143, -0.182462, -0.102638, -0.255026, -0.179726, -0.086323, -0.250084, -0.174393, -0.086871, -0.222576, -0.174228, -0.100247, -0.205083, -0.192555, -0.100199, -0.255326, -0.188625, -0.078997, -0.250267, -0.184893, -0.082090, -0.227799, -0.187728, -0.090733, -0.218266, -0.199648, -0.094955, -0.250895, -0.197318, -0.080262, -0.243829, -0.196837, -0.082884, -0.222247, -0.201796, -0.088166, -0.210796, -0.205543, -0.094470, -0.239124, -0.203539, -0.081616, -0.232894, -0.204619, -0.081953, -0.215554, -0.206833, -0.089439, -0.207299]
Frame 027: [-0.007432, -0.611592, -0.264957, 0.009221, -0.651032, -0.255625, 0.008688, -0.650958, -0.257501, 0.009203, -0.650970, -0.255690, -0.027568, -0.652304, -0.254283, -0.025452, -0.652975, -0.254483, -0.026160, -0.652029, -0.250279, 0.088981, -0.645265, -0.153613, -0.066328, -0.647260, -0.132897, 0.019596, -0.585071, -0.233422, -0.025913, -0.584130, -0.225605, 0.181646, -0.470650, -0.088229, -0.150125, -0.477174, -0.062787, 0.245301, -0.256907, -0.093527, -0.267096, -0.273932, -0.044725, 0.171927, -0.114461, -0.226482, -0.210495, -0.139301, -0.184400, 0.147929, -0.069355, -0.265358, -0.203050, -0.093467, -0.228406, 0.122505, -0.096336, -0.298513, -0.171256, -0.127567, -0.239342, 0.151878, -0.117086, -0.243340, -0.187431, -0.138973, -0.193382, 0.111229, -0.002885, -0.002540, -0.110121, 0.000421, 0.002633, 0.128143, 0.110953, -0.069367, -0.085397, 0.162123, -0.096578, 0.126970, 0.424403, 0.082527, -0.051965, 0.523086, 0.062802, 0.129167, 0.451505, 0.088540, -0.044159, 0.548237, 0.078179, 0.151713, 0.440497, -0.059946, -0.030052, 0.568662, -0.068834, 0.171927, -0.114461, -0.226482, 0.141484, -0.107500, -0.242153, 0.119724, -0.097854, -0.258286, 0.106866, -0.084413, -0.285563, 0.101805, -0.059505, -0.306735, 0.121736, -0.098643, -0.302913, 0.117231, -0.079976, -0.296843, 0.118236, -0.076448, -0.266767, 0.131389, -0.088697, -0.248302, 0.134445, -0.097735, -0.310047, 0.122047, -0.067272, -0.304267, 0.128591, -0.068849, -0.274062, 0.136572, -0.077154, -0.256276, 0.146830, -0.087442, -0.310777, 0.138307, -0.065598, -0.302190, 0.142891, -0.065793, -0.273287, 0.146388, -0.072762, -0.254720, 0.164552, -0.080645, -0.297509, 0.155067, -0.063594, -0.292202, 0.154218, -0.060366, -0.268731, 0.164240, -0.064869, -0.253730, -0.210495, -0.139301, -0.184400, -0.185057, -0.124916, -0.202636, -0.174247, -0.106520, -0.217618, -0.163717, -0.088674, -0.238149, -0.160265, -0.067144, -0.251886, -0.181284, -0.105465, -0.256592, -0.180280, -0.088559, -0.252115, -0.174391, -0.088075, -0.222902, -0.172399, -0.101835, -0.204669, -0.192955, -0.104088, -0.257030, -0.188517, -0.081622, -0.250761, -0.184392, -0.084702, -0.226556, -0.184743, -0.092201, -0.214833, -0.200759, -0.097179, -0.252628, -0.197069, -0.082126, -0.243737, -0.197242, -0.083811, -0.222019, -0.199286, -0.090028, -0.207654, -0.206981, -0.096523, -0.240758, -0.204243, -0.083335, -0.232602, -0.205052, -0.082633, -0.214381, -0.206611, -0.091714, -0.206941]
Frame 028: [-0.007243, -0.612088, -0.259442, 0.009522, -0.651315, -0.250349, 0.008998, -0.651233, -0.252239, 0.009501, -0.651249, -0.250355, -0.027287, -0.652750, -0.249581, -0.025165, -0.653414, -0.249915, -0.025879, -0.652451, -0.245750, 0.089032, -0.645412, -0.148968, -0.066260, -0.647851, -0.129760, 0.019645, -0.585544, -0.228226, -0.025854, -0.584795, -0.220881, 0.181524, -0.471855, -0.084687, -0.150531, -0.477751, -0.062438, 0.245660, -0.257434, -0.090699, -0.267073, -0.274636, -0.048297, 0.172117, -0.118169, -0.226014, -0.210381, -0.138914, -0.192816, 0.147943, -0.073893, -0.266599, -0.202652, -0.092903, -0.236980, 0.121637, -0.099739, -0.295362, -0.170069, -0.126312, -0.246736, 0.151988, -0.120584, -0.241372, -0.187224, -0.138885, -0.201351, 0.111127, -0.002950, -0.002160, -0.110052, 0.000550, 0.002232, 0.128307, 0.112843, -0.069301, -0.086153, 0.161701, -0.094921, 0.127427, 0.416717, 0.087607, -0.051991, 0.515783, 0.065851, 0.129804, 0.443099, 0.093910, -0.043961, 0.540953, 0.082923, 0.155993, 0.433111, -0.043542, -0.026816, 0.560474, -0.056866, 0.172117, -0.118169, -0.226014, 0.144185, -0.112197, -0.244501, 0.125930, -0.104369, -0.256325, 0.120739, -0.095258, -0.287490, 0.118332, -0.079725, -0.306651, 0.137602, -0.112522, -0.302665, 0.134498, -0.100394, -0.297560, 0.132876, -0.095170, -0.270603, 0.146489, -0.109113, -0.251005, 0.144294, -0.112511, -0.309163, 0.134542, -0.091796, -0.303949, 0.142549, -0.090770, -0.275693, 0.146038, -0.097473, -0.253064, 0.150559, -0.107619, -0.310188, 0.145181, -0.088923, -0.303307, 0.148411, -0.089787, -0.274121, 0.152148, -0.092676, -0.254136, 0.161956, -0.101408, -0.299125, 0.157190, -0.087059, -0.294776, 0.157527, -0.082847, -0.272102, 0.163431, -0.086422, -0.255871, -0.210381, -0.138914, -0.192816, -0.180005, -0.126736, -0.212229, -0.164299, -0.106393, -0.227155, -0.149042, -0.080537, -0.245094, -0.144676, -0.055532, -0.257299, -0.171278, -0.097948, -0.268124, -0.165901, -0.074851, -0.261798, -0.162354, -0.073660, -0.234488, -0.162786, -0.088297, -0.216040, -0.188100, -0.092762, -0.266689, -0.180158, -0.064392, -0.262064, -0.175296, -0.068414, -0.237504, -0.176610, -0.080944, -0.227343, -0.200921, -0.085343, -0.260254, -0.194339, -0.065036, -0.252447, -0.191308, -0.067486, -0.231795, -0.194548, -0.076349, -0.218544, -0.211488, -0.084302, -0.245245, -0.207616, -0.066653, -0.240455, -0.203443, -0.068457, -0.223175, -0.203037, -0.077508, -0.217743]
Frame 029: [-0.007206, -0.612216, -0.256274, 0.009565, -0.651382, -0.247587, 0.009039, -0.651299, -0.249508, 0.009542, -0.651317, -0.247606, -0.027240, -0.652936, -0.246781, -0.025121, -0.653600, -0.247143, -0.025835, -0.652628, -0.242992, 0.089071, -0.645605, -0.146921, -0.066189, -0.648517, -0.127365, 0.019680, -0.585749, -0.225410, -0.025783, -0.585154, -0.217879, 0.181408, -0.472733, -0.083097, -0.150581, -0.479036, -0.061689, 0.245481, -0.258059, -0.089341, -0.267546, -0.277673, -0.047408, 0.171952, -0.117936, -0.224911, -0.210625, -0.139593, -0.187326, 0.147800, -0.072571, -0.265432, -0.202618, -0.093042, -0.230159, 0.120954, -0.097558, -0.293338, -0.169784, -0.125680, -0.240402, 0.151759, -0.119742, -0.239966, -0.187341, -0.139237, -0.195785, 0.110943, -0.002989, -0.001946, -0.109893, 0.000623, 0.002024, 0.128430, 0.116756, -0.067837, -0.085730, 0.164699, -0.093686, 0.128132, 0.416186, 0.089251, -0.050646, 0.514039, 0.065171, 0.130681, 0.442686, 0.095358, -0.042479, 0.539125, 0.082857, 0.159048, 0.433865, -0.037869, -0.023645, 0.558269, -0.053770, 0.171952, -0.117936, -0.224911, 0.142553, -0.112229, -0.244585, 0.123243, -0.104485, -0.255642, 0.116676, -0.094464, -0.285506, 0.113186, -0.076413, -0.306763, 0.134570, -0.111705, -0.302574, 0.133561, -0.098065, -0.296780, 0.131661, -0.095768, -0.269785, 0.143862, -0.105230, -0.251432, 0.143682, -0.111114, -0.308043, 0.132989, -0.089916, -0.302217, 0.140181, -0.089710, -0.276662, 0.141749, -0.095932, -0.254362, 0.150713, -0.105398, -0.308039, 0.145584, -0.088357, -0.300477, 0.148443, -0.087019, -0.275139, 0.149923, -0.092503, -0.254530, 0.162085, -0.099530, -0.296527, 0.157984, -0.085732, -0.291611, 0.155981, -0.081069, -0.270370, 0.161776, -0.087869, -0.258433, -0.210625, -0.139593, -0.187326, -0.183076, -0.129044, -0.208130, -0.171833, -0.111997, -0.220728, -0.159896, -0.093079, -0.242589, -0.157127, -0.075384, -0.254865, -0.179579, -0.113531, -0.259225, -0.172782, -0.094844, -0.252456, -0.169556, -0.096349, -0.224009, -0.171068, -0.111156, -0.202191, -0.190082, -0.106794, -0.258711, -0.184678, -0.085726, -0.254317, -0.181824, -0.088172, -0.231021, -0.186864, -0.097584, -0.220663, -0.200049, -0.099714, -0.253465, -0.194147, -0.086589, -0.246666, -0.193807, -0.088522, -0.227894, -0.201595, -0.092568, -0.215061, -0.206845, -0.097165, -0.242785, -0.202192, -0.086570, -0.237741, -0.203744, -0.089403, -0.217598, -0.206494, -0.093979, -0.211580]
Frame 030: [-0.007083, -0.612764, -0.253256, 0.009764, -0.651782, -0.244769, 0.009242, -0.651696, -0.246709, 0.009739, -0.651719, -0.244784, -0.027028, -0.653472, -0.244101, -0.024906, -0.654136, -0.244511, -0.025624, -0.653153, -0.240377, 0.089108, -0.645937, -0.144418, -0.066130, -0.649329, -0.125216, 0.019716, -0.586313, -0.222581, -0.025728, -0.585878, -0.215102, 0.181290, -0.473579, -0.081247, -0.150703, -0.479970, -0.061147, 0.245637, -0.258865, -0.088108, -0.267530, -0.279084, -0.048690, 0.172132, -0.119079, -0.224703, -0.210684, -0.140695, -0.190231, 0.147910, -0.073928, -0.265587, -0.202500, -0.094457, -0.233289, 0.120894, -0.098573, -0.292462, -0.169554, -0.126826, -0.243199, 0.151962, -0.120757, -0.239432, -0.187363, -0.140396, -0.198609, 0.110825, -0.003015, -0.001690, -0.109795, 0.000690, 0.001763, 0.128643, 0.119114, -0.066351, -0.085818, 0.166551, -0.091969, 0.128659, 0.414368, 0.093715, -0.050401, 0.512576, 0.066555, 0.131335, 0.440716, 0.101210, -0.042133, 0.537663, 0.084759, 0.161254, 0.432651, -0.026723, -0.021658, 0.556787, -0.048963, 0.172132, -0.119079, -0.224703, 0.140934, -0.113508, -0.242275, 0.117997, -0.105344, -0.253991, 0.108711, -0.094292, -0.282789, 0.104800, -0.075010, -0.304407, 0.129032, -0.110990, -0.300995, 0.126575, -0.095090, -0.295660, 0.125023, -0.092164, -0.268980, 0.137185, -0.101243, -0.251340, 0.140337, -0.108800, -0.307257, 0.128812, -0.085497, -0.301317, 0.136618, -0.085552, -0.275506, 0.139228, -0.092514, -0.254675, 0.150203, -0.101986, -0.307206, 0.143538, -0.082171, -0.300140, 0.146637, -0.083228, -0.273742, 0.148705, -0.089627, -0.252649, 0.163885, -0.094533, -0.296551, 0.157411, -0.079246, -0.291021, 0.156207, -0.074800, -0.269769, 0.161325, -0.082897, -0.259448, -0.210684, -0.140695, -0.190231, -0.186046, -0.127775, -0.210349, -0.178204, -0.111160, -0.224833, -0.167423, -0.094297, -0.247304, -0.161302, -0.077194, -0.260369, -0.183763, -0.112908, -0.263668, -0.180389, -0.097308, -0.258636, -0.175006, -0.097051, -0.230019, -0.176483, -0.110795, -0.209134, -0.193032, -0.109792, -0.264382, -0.186768, -0.089882, -0.260691, -0.184252, -0.092365, -0.236161, -0.185861, -0.099801, -0.223325, -0.199415, -0.104180, -0.260897, -0.194109, -0.091395, -0.254013, -0.194763, -0.090039, -0.232476, -0.199797, -0.095754, -0.219181, -0.203899, -0.101738, -0.249886, -0.200872, -0.090878, -0.243701, -0.202388, -0.091212, -0.224566, -0.204589, -0.098040, -0.216870]
Frame 031: [-0.006626, -0.613169, -0.249430, 0.010331, -0.652096, -0.240909, 0.009811, -0.652007, -0.242884, 0.010302, -0.652031, -0.240938, -0.026450, -0.653934, -0.240340, -0.024331, -0.654600, -0.240774, -0.025051, -0.653610, -0.236644, 0.089244, -0.646102, -0.140372, -0.065969, -0.650083, -0.121785, 0.019933, -0.586673, -0.218830, -0.025431, -0.586420, -0.211442, 0.181323, -0.473742, -0.078488, -0.150794, -0.480832, -0.059352, 0.245602, -0.258830, -0.087422, -0.267434, -0.280225, -0.049587, 0.172090, -0.120285, -0.226926, -0.210659, -0.142888, -0.193830, 0.147782, -0.075729, -0.268018, -0.202397, -0.097696, -0.237558, 0.120474, -0.100496, -0.294665, -0.169378, -0.130430, -0.246658, 0.151863, -0.122070, -0.241629, -0.187320, -0.142903, -0.202091, 0.110799, -0.003033, -0.001442, -0.109765, 0.000735, 0.001524, 0.128977, 0.118382, -0.066632, -0.086045, 0.163364, -0.092654, 0.128956, 0.413043, 0.097426, -0.050489, 0.510981, 0.066878, 0.131669, 0.439250, 0.106493, -0.042153, 0.536138, 0.085586, 0.162299, 0.431007, -0.021048, -0.020476, 0.554981, -0.047779, 0.172090, -0.120285, -0.226926, 0.137819, -0.113399, -0.246962, 0.114458, -0.105954, -0.258675, 0.103758, -0.093804, -0.287163, 0.100618, -0.072845, -0.307821, 0.123915, -0.112803, -0.305402, 0.121017, -0.093622, -0.301254, 0.119512, -0.089419, -0.274014, 0.132230, -0.100971, -0.252122, 0.136798, -0.109744, -0.311782, 0.124689, -0.084683, -0.306495, 0.132484, -0.085423, -0.280226, 0.135395, -0.091722, -0.257562, 0.147796, -0.102694, -0.310827, 0.140813, -0.081716, -0.305055, 0.143314, -0.084606, -0.278390, 0.144901, -0.091265, -0.256408, 0.162983, -0.094456, -0.300252, 0.155132, -0.078637, -0.293566, 0.152788, -0.077327, -0.271263, 0.157536, -0.084228, -0.260945, -0.210659, -0.142888, -0.193830, -0.182756, -0.127617, -0.212505, -0.171302, -0.109000, -0.228933, -0.156573, -0.088232, -0.252219, -0.152035, -0.067694, -0.267798, -0.175506, -0.107427, -0.268080, -0.172304, -0.085469, -0.261448, -0.167380, -0.083702, -0.233557, -0.169311, -0.097277, -0.212620, -0.188941, -0.103911, -0.270036, -0.183550, -0.077794, -0.263244, -0.181809, -0.079037, -0.237845, -0.182607, -0.089291, -0.225568, -0.200500, -0.098957, -0.265556, -0.194761, -0.079282, -0.257424, -0.194435, -0.080286, -0.234584, -0.198861, -0.087702, -0.221170, -0.208698, -0.097873, -0.253670, -0.205827, -0.081468, -0.246293, -0.206413, -0.082012, -0.227341, -0.207258, -0.089843, -0.219396]
